1390030429.146254 0.004024 0.000019 0.000000 0.000000 0.000000 0.005683 0.999984 1390030429.146254 100007.600875
1390030432.946180 0.930101 -0.022654 0.000000 0.000000 0.000000 -0.012900 0.999917 1390030432.946180 100013.709929
1390030435.446259 1.846350 -0.083205 0.000000 0.000000 0.000000 -0.020320 0.999794 1390030435.446259 100017.280392
1390030438.046187 2.824233 -0.149510 0.000000 0.000000 0.000000 -0.025540 0.999674 1390030438.046187 100020.947963
1390030440.246207 3.775274 -0.251008 0.000000 0.000000 0.000000 -0.027807 0.999613 1390030440.246207 100024.611600
1390030443.846178 4.710733 -0.297760 0.000000 0.000000 0.000000 -0.002509 0.999997 1390030443.846178 100029.831950
1390030446.546213 5.646708 -0.352876 0.000000 0.000000 0.000000 -0.006297 0.999980 1390030446.546213 100034.011913
1390030448.846205 6.564353 -0.379689 0.000000 0.000000 0.000000 -0.017947 0.999839 1390030448.846205 100038.006880
1390030451.246201 7.477836 -0.423692 0.000000 0.000000 0.000000 -0.027127 0.999632 1390030451.246201 100041.583665
1390030455.446177 8.414222 -0.459223 0.000000 0.000000 0.000000 0.037683 0.999290 1390030455.446177 100046.936943
1390030457.946155 9.387042 -0.393454 0.000000 0.000000 0.000000 0.028661 0.999589 1390030457.946155 100050.464483
1390030460.146180 10.345589 -0.395231 0.000000 0.000000 0.000000 0.023663 0.999720 1390030460.146180 100053.893737
1390030462.646221 11.264433 -0.382917 0.000000 0.000000 0.000000 0.016198 0.999869 1390030462.646221 100057.231355
1390030465.446164 12.207598 -0.383723 0.000000 0.000000 0.000000 0.006504 0.999979 1390030465.446164 100060.661774
1390030467.546136 13.161985 -0.413519 0.000000 0.000000 0.000000 -0.000731 1.000000 1390030467.546136 100064.093092
1390030470.146183 14.074991 -0.439865 0.000000 0.000000 0.000000 -0.013133 0.999914 1390030470.146183 100067.475839
1390030472.146167 15.001375 -0.502606 0.000000 0.000000 0.000000 -0.016644 0.999861 1390030472.146167 100070.860751
1390030477.146203 15.914770 -0.552010 0.000000 0.000000 0.000000 0.050340 0.998732 1390030477.146203 100084.630705
1390030479.346181 16.836892 -0.509088 0.000000 0.000000 0.000000 0.048032 0.998846 1390030479.346181 100088.392005
1390030481.546225 17.801012 -0.468325 0.000000 0.000000 0.000000 0.037538 0.999295 1390030481.546225 100092.057956
1390030483.846137 18.739180 -0.445653 0.000000 0.000000 0.000000 0.030431 0.999537 1390030483.846137 100095.677611
1390030486.746217 18.881696 -0.441786 0.000000 0.000000 0.000000 0.128073 0.991765 1390030486.746217 100097.745662
1390030487.346185 18.840221 -0.377947 0.000000 0.000000 0.000000 0.242936 0.970042 1390030487.346185 100098.402440
1390030489.046164 18.843283 -0.328619 0.000000 0.000000 0.000000 0.447038 0.894515 1390030489.046164 100099.200515
1390030492.446172 19.060718 0.054821 0.000000 0.000000 0.000000 0.595436 0.803402 1390030492.446172 100102.540934
1390030496.346211 19.087677 1.019168 0.000000 0.000000 0.000000 0.710585 0.703611 1390030496.346211 100107.002791
1390030498.446141 19.132186 1.971413 0.000000 0.000000 0.000000 0.706174 0.708039 1390030498.446141 100110.150817
1390030500.846190 19.163285 2.909159 0.000000 0.000000 0.000000 0.699942 0.714199 1390030500.846190 100113.298328
1390030503.046233 19.202182 3.859575 0.000000 0.000000 0.000000 0.694281 0.719704 1390030503.046233 100116.589741
1390030506.746215 19.227006 4.769629 0.000000 0.000000 0.000000 0.732202 0.681088 1390030506.746215 100121.104776
1390030508.946218 19.214300 5.764585 0.000000 0.000000 0.000000 0.728486 0.685061 1390030508.946218 100124.532369
1390030511.346225 19.236380 6.697086 0.000000 0.000000 0.000000 0.725708 0.688003 1390030511.346225 100127.870669
1390030513.546210 19.223622 7.751792 0.000000 0.000000 0.000000 0.722836 0.691020 1390030513.546210 100131.534540
1390030515.746231 19.238110 8.707322 0.000000 0.000000 0.000000 0.717567 0.696490 1390030515.746231 100134.968930
1390030518.146219 19.239030 9.684531 0.000000 0.000000 0.000000 0.712150 0.702027 1390030518.146219 100138.448650
1390030520.246189 19.262296 10.597540 0.000000 0.000000 0.000000 0.707668 0.706545 1390030520.246189 100141.830012
1390030522.146217 19.304728 11.579464 0.000000 0.000000 0.000000 0.706433 0.707780 1390030522.146217 100145.309933
1390030525.146191 19.230770 12.530618 0.000000 0.000000 0.000000 0.744115 0.668052 1390030525.146191 100150.008992
1390030527.346214 19.175103 13.463183 0.000000 0.000000 0.000000 0.741762 0.670663 1390030527.346214 100153.300284
1390030529.446206 19.070305 14.561528 0.000000 0.000000 0.000000 0.733015 0.680212 1390030529.446206 100156.821077
1390030531.746187 19.027529 15.531724 0.000000 0.000000 0.000000 0.727110 0.686521 1390030531.746187 100159.924466
1390030535.346205 19.003008 16.117584 0.000000 0.000000 0.000000 0.831078 0.556156 1390030535.346205 100163.401482
1390030537.646210 18.999214 16.085149 0.000000 0.000000 0.000000 0.918594 0.395202 1390030537.646210 100164.481149
1390030539.446221 18.969321 16.009483 0.000000 0.000000 0.000000 0.975755 0.218867 1390030539.446221 100165.328406
1390030541.546217 18.943855 15.961692 0.000000 0.000000 0.000000 0.999999 0.001233 1390030541.546217 100167.443903
1390030543.946203 18.034554 15.999900 0.000000 0.000000 0.000000 0.999967 0.008072 1390030543.946203 100171.156892
1390030546.046268 17.073972 16.026453 0.000000 0.000000 0.000000 0.999808 0.019599 1390030546.046268 100174.210788
1390030548.146613 16.152686 16.094187 0.000000 0.000000 0.000000 0.999645 0.026627 1390030548.146613 100177.173031
1390030550.246220 15.200268 16.183541 0.000000 0.000000 0.000000 0.999456 0.032980 1390030550.246220 100180.180784
1390030552.546207 14.258983 16.273242 0.000000 0.000000 0.000000 0.999193 0.040155 1390030552.546207 100183.195588
1390030556.546180 13.360010 16.182321 0.000000 -0.000000 0.000000 0.997807 -0.066187 1390030556.546180 100187.980672
1390030558.646205 12.410440 16.091646 0.000000 -0.000000 0.000000 0.998339 -0.057610 1390030558.646205 100191.132741
1390030560.946172 11.477100 16.016838 0.000000 -0.000000 0.000000 0.998624 -0.052439 1390030560.946172 100194.279808
1390030563.046182 10.489545 15.939025 0.000000 -0.000000 0.000000 0.998979 -0.045168 1390030563.046182 100197.663629
1390030565.546216 9.537718 15.918531 0.000000 -0.000000 0.000000 0.999272 -0.038142 1390030565.546216 100200.905900
1390030567.746191 8.580222 15.823684 0.000000 -0.000000 0.000000 0.999648 -0.026526 1390030567.746191 100204.148143
1390030569.646204 7.665686 15.839840 0.000000 -0.000000 0.000000 0.999650 -0.026458 1390030569.646204 100207.305361
1390030571.946216 6.706777 15.779980 0.000000 -0.000000 0.000000 0.999910 -0.013392 1390030571.946216 100210.449237
1390030574.346207 5.766825 15.793182 0.000000 -0.000000 0.000000 0.999993 -0.003842 1390030574.346207 100213.692182
1390030576.146188 4.844261 15.818829 0.000000 0.000000 0.000000 0.999995 0.003222 1390030576.146188 100216.837985
1390030578.446185 3.893491 15.852705 0.000000 0.000000 0.000000 0.999940 0.010962 1390030578.446185 100220.039474
1390030580.446215 2.932885 15.888925 0.000000 0.000000 0.000000 0.999708 0.024159 1390030580.446215 100223.231926
1390030582.246204 1.999371 15.964621 0.000000 0.000000 0.000000 0.999580 0.028992 1390030582.246204 100226.425862
1390030584.646207 1.058895 16.054736 0.000000 0.000000 0.000000 0.999331 0.036573 1390030584.646207 100229.670382
1390030586.746160 0.120225 16.177452 0.000000 0.000000 0.000000 0.999113 0.042110 1390030586.746160 100232.875944
1390030589.746152 -0.173182 16.246806 0.000000 0.000000 0.000000 0.973876 0.227079 1390030589.746152 100235.358262
1390030591.846207 -0.133074 16.279473 0.000000 0.000000 0.000000 0.913887 0.405968 1390030591.846207 100236.535822
1390030593.246138 -0.094683 16.293736 0.000000 0.000000 0.000000 0.816109 0.577897 1390030593.246138 100237.658811
1390030596.446139 -0.080588 17.244925 0.000000 0.000000 0.000000 0.725584 0.688134 1390030596.446139 100241.513932
1390030598.946142 -0.066020 18.194303 0.000000 0.000000 0.000000 0.722216 0.691668 1390030598.946142 100244.146848
1390030601.346217 -0.038492 19.103878 0.000000 0.000000 0.000000 0.720090 0.693881 1390030601.346217 100246.825718
1390030603.846228 -0.052326 20.077181 0.000000 0.000000 0.000000 0.711937 0.702243 1390030603.846228 100249.647300
1390030606.546208 -0.033776 21.031862 0.000000 0.000000 0.000000 0.708888 0.705321 1390030606.546208 100252.322057
1390030609.046155 -0.017922 21.974709 0.000000 0.000000 0.000000 0.699614 0.714521 1390030609.046155 100255.004304
1390030611.346205 0.035276 22.908016 0.000000 0.000000 0.000000 0.694451 0.719540 1390030611.346205 100257.683006
1390030614.246218 0.113549 23.798926 0.000000 0.000000 0.000000 0.692199 0.721706 1390030614.246218 100261.116105
1390030616.646214 0.037447 22.849053 0.000000 0.000000 0.000000 0.691366 0.722505 1390030616.646214 100264.832943
1390030618.446179 -0.019673 21.891615 0.000000 0.000000 0.000000 0.700033 0.714110 1390030618.446179 100268.302365
1390030620.646206 -0.038744 20.944931 0.000000 0.000000 0.000000 0.706937 0.707276 1390030620.646206 100271.687663
1390030623.746180 -0.078341 20.515239 0.000000 0.000000 0.000000 0.824826 0.565386 1390030623.746180 100274.461144
1390030624.946204 -0.123546 20.487226 0.000000 0.000000 0.000000 0.912292 0.409541 1390030624.946204 100275.448039
1390030626.846180 -0.131023 20.457627 0.000000 0.000000 0.000000 0.976973 0.213365 1390030626.846180 100276.339927
1390030630.946287 -0.978663 20.469296 0.000000 0.000000 0.000000 0.999490 0.031940 1390030630.946287 100281.417069
1390030635.246201 -1.961563 20.346842 0.000000 -0.000000 0.000000 0.992751 -0.120193 1390030635.246201 100287.198995
1390030638.846179 -2.735615 20.322448 0.000000 -0.000000 0.000000 0.999286 -0.037795 1390030638.846179 100292.418137
1390030642.846164 -2.525682 20.200001 0.000000 -0.000000 0.000000 0.972280 -0.233818 1390030642.846164 100297.166690
1390030646.246178 -2.487682 20.159154 0.000000 -0.000000 0.000000 0.890703 -0.454585 1390030646.246178 100301.956012
1390030649.346178 -2.444998 20.164069 0.000000 -0.000000 0.000000 0.754458 -0.656349 1390030649.346178 100303.652072
1390030651.946200 -2.403329 20.161025 0.000000 -0.000000 0.000000 0.573388 -0.819284 1390030651.946200 100305.150685
1390030656.146214 -1.932594 19.347956 0.000000 -0.000000 0.000000 0.496772 -0.867881 1390030656.146214 100311.736173
1390030660.346215 -1.809965 18.421741 0.000000 -0.000000 0.000000 0.667435 -0.744668 1390030660.346215 100317.139047
1390030663.046220 -1.828384 18.863131 0.000000 -0.000000 0.000000 0.664330 -0.747439 1390030663.046220 100321.226149
1390030665.246212 -1.950405 19.832622 0.000000 -0.000000 0.000000 0.659325 -0.751858 1390030665.246212 100324.937307
1390030668.246169 -1.938729 19.997245 0.000000 -0.000000 0.000000 0.478219 -0.878241 1390030668.246169 100327.711536
1390030670.246268 -1.903778 20.030388 0.000000 -0.000000 0.000000 0.240438 -0.970664 1390030670.246268 100328.989362
1390030672.646204 -1.900325 20.071856 0.000000 -0.000000 0.000000 0.010282 -0.999947 1390030672.646204 100330.250632
1390030677.646205 -1.066206 20.436228 0.000000 0.000000 -0.000000 -0.174537 -0.984651 1390030677.646205 100336.406577
1390030681.746180 -0.188806 20.675365 0.000000 -0.000000 0.000000 0.002953 -0.999996 1390030681.746180 100341.199578
1390030683.546285 -0.219665 20.618635 0.000000 -0.000000 0.000000 0.270359 -0.962760 1390030683.546285 100342.327542
1390030684.946137 -0.253023 20.612333 0.000000 -0.000000 0.000000 0.401993 -0.915643 1390030684.946137 100342.986756
1390030686.446131 -0.297872 20.612704 0.000000 -0.000000 0.000000 0.572052 -0.820217 1390030686.446131 100343.787350
1390030691.046171 -0.401600 19.681867 0.000000 -0.000000 0.000000 0.704875 -0.709332 1390030691.046171 100348.436617
1390030696.074095 -0.387840 19.350902 0.000000 -0.000000 0.000000 0.706429 -0.707784 1390030696.074095 100349.427205
1390030700.296530 -0.386266 18.444372 0.000000 -0.000000 0.000000 0.716542 -0.697544 1390030700.296530 100352.387923
1390030702.696519 -0.458703 17.472853 0.000000 -0.000000 0.000000 0.718130 -0.695908 1390030702.696519 100355.440671
1390030705.896549 -0.513949 17.140028 0.000000 -0.000000 0.000000 0.824133 -0.566397 1390030705.896549 100358.072942
1390030707.696521 -0.547111 17.169579 0.000000 -0.000000 0.000000 0.896056 -0.443940 1390030707.696521 100359.058800
1390030710.196525 -0.664936 17.121348 0.000000 -0.000000 0.000000 0.952226 -0.305394 1390030710.196525 100361.267760
1390030712.696555 -0.720704 17.164407 0.000000 -0.000000 0.000000 0.996768 -0.080330 1390030712.696555 100362.819498
1390030716.496567 -1.627431 16.890736 0.000000 -0.000000 0.000000 0.987955 -0.154741 1390030716.496567 100366.954735
1390030721.596561 -2.397778 16.832980 0.000000 0.000000 0.000000 0.999752 0.022257 1390030721.596561 100371.608286
1390030724.496539 -3.299825 16.908419 0.000000 0.000000 0.000000 0.998817 0.048617 1390030724.496539 100375.459305
1390030727.196496 -4.261468 17.031099 0.000000 -0.000000 0.000000 0.999844 -0.017665 1390030727.196496 100379.645246
1390030729.696562 -5.223646 17.044773 0.000000 -0.000000 0.000000 0.999721 -0.023601 1390030729.696562 100383.450121
1390030734.596553 -5.860693 17.014100 0.000000 -0.000000 0.000000 0.973558 -0.228439 1390030734.596553 100388.010086
1390030738.396556 -5.801525 17.054588 0.000000 -0.000000 0.000000 0.999266 -0.038295 1390030738.396556 100391.675853
1390030743.096565 -4.844435 17.078402 0.000000 -0.000000 0.000000 0.999642 -0.026744 1390030743.096565 100397.878073
1390030745.596522 -3.863435 17.036113 0.000000 -0.000000 0.000000 0.999966 -0.008207 1390030745.596522 100401.594673
1390030747.696507 -2.931133 17.051908 0.000000 -0.000000 0.000000 0.999900 -0.014123 1390030747.696507 100405.071365
1390030751.796484 -1.982475 17.100132 0.000000 0.000000 0.000000 0.999920 0.012634 1390030751.796484 100410.193968
1390030755.196521 -1.075414 16.969978 0.000000 0.000000 0.000000 0.999857 0.016908 1390030755.196521 100419.360901
1390030758.896602 -0.375509 16.979477 0.000000 -0.000000 0.000000 0.980452 -0.196761 1390030758.896602 100422.744880
1390030760.099270 -0.331254 16.953404 0.000000 -0.000000 0.000000 0.923886 -0.382669 1390030760.099270 100424.060289
1390030761.896551 -0.293601 16.941926 0.000000 -0.000000 0.000000 0.813378 -0.581736 1390030761.896551 100425.049269
1390030766.996510 -0.349219 16.134273 0.000000 -0.000000 0.000000 0.712278 -0.701897 1390030766.996510 100430.028354
1390030769.396537 -0.382094 15.221230 0.000000 -0.000000 0.000000 0.717947 -0.696098 1390030769.396537 100433.224408
1390030771.796485 -0.422493 14.302332 0.000000 -0.000000 0.000000 0.724078 -0.689718 1390030771.796485 100436.469699
1390030775.396554 -0.482811 13.759782 0.000000 -0.000000 0.000000 0.851808 -0.523855 1390030775.396554 100440.134283
1390030777.096557 -0.537173 13.812905 0.000000 -0.000000 0.000000 0.939832 -0.341636 1390030777.096557 100441.215293
1390030778.196509 -0.550249 13.869308 0.000000 -0.000000 0.000000 0.990760 -0.135629 1390030778.196509 100442.247338
1390030783.196558 -0.928584 13.758527 0.000000 -0.000000 0.000000 0.991323 -0.131450 1390030783.196558 100446.946621
1390030787.496545 -1.737672 13.559870 0.000000 -0.000000 0.000000 0.953598 -0.301083 1390030787.496545 100453.009132
1390030790.796546 -1.936614 13.447891 0.000000 -0.000000 0.000000 0.953704 -0.300748 1390030790.796546 100456.254241
1390030793.196510 -1.872174 13.414397 0.000000 -0.000000 0.000000 0.850642 -0.525746 1390030793.196510 100457.568560
1390030796.596527 -1.880164 13.307866 0.000000 -0.000000 0.000000 0.699947 -0.714195 1390030796.596527 100460.553382
1390030801.596610 -1.769789 12.411322 0.000000 -0.000000 0.000000 0.709545 -0.704660 1390030801.596610 100468.520665
1390030804.996570 -1.940165 11.414046 0.000000 -0.000000 0.000000 0.759117 -0.650954 1390030804.996570 100473.078125
1390030808.996500 -2.021890 11.309556 0.000000 -0.000000 0.000000 0.869457 -0.494009 1390030808.996500 100477.025542
1390030813.996521 -1.814087 11.921269 0.000000 -0.000000 0.000000 0.767625 -0.640899 1390030813.996521 100481.632245
1390030816.796531 -1.623385 12.837562 0.000000 -0.000000 0.000000 0.764724 -0.644358 1390030816.796531 100485.484605
1390030819.596514 -1.579709 13.314366 0.000000 -0.000000 0.000000 0.876823 -0.480813 1390030819.596514 100488.637251
1390030822.396517 -1.654980 13.329051 0.000000 -0.000000 0.000000 0.966551 -0.256475 1390030822.396517 100490.425753
1390030825.996518 -1.860295 13.346808 0.000000 -0.000000 0.000000 0.999651 -0.026421 1390030825.996518 100493.900647
1390030829.496545 -2.717788 13.474578 0.000000 0.000000 0.000000 0.997861 0.065379 1390030829.496545 100498.035899
1390030833.196523 -3.666998 13.577755 0.000000 0.000000 0.000000 0.999774 0.021279 1390030833.196523 100502.500690
1390030835.496541 -4.639402 13.665578 0.000000 0.000000 0.000000 0.999907 0.013674 1390030835.496541 100505.883647
1390030837.496478 -5.595030 13.738930 0.000000 0.000000 0.000000 0.999760 0.021921 1390030837.496478 100509.268361
1390030840.796510 -5.852805 13.744916 0.000000 -0.000000 0.000000 0.988150 -0.153494 1390030840.796510 100512.044933
1390030844.596480 -4.902140 13.740866 0.000000 -0.000000 0.000000 0.999935 -0.011404 1390030844.596480 100516.416291
1390030847.596510 -3.927780 13.744354 0.000000 0.000000 0.000000 0.999983 0.005796 1390030847.596510 100520.264185
1390030849.796502 -3.043741 13.730660 0.000000 -0.000000 0.000000 0.999962 -0.008674 1390030849.796502 100523.415288
1390030852.696503 -2.103339 13.707806 0.000000 0.000000 0.000000 0.999932 0.011687 1390030852.696503 100527.783922
1390030855.196512 -1.155881 13.624090 0.000000 0.000000 0.000000 0.999655 0.026249 1390030855.196512 100531.454100
1390030858.096496 -0.786346 13.571050 0.000000 -0.000000 0.000000 0.974429 -0.224694 1390030858.096496 100534.601998
1390030860.096501 -0.789042 13.534707 0.000000 -0.000000 0.000000 0.893476 -0.449111 1390030860.096501 100535.683562
1390030861.996523 -0.752085 13.545160 0.000000 -0.000000 0.000000 0.765229 -0.643759 1390030861.996523 100536.574870
1390030865.396520 -0.634335 12.513383 0.000000 -0.000000 0.000000 0.674414 -0.738354 1390030865.396520 100541.275071
1390030867.896510 -0.581376 11.579228 0.000000 -0.000000 0.000000 0.679530 -0.733648 1390030867.896510 100544.335445
1390030870.396507 -0.556580 10.622888 0.000000 -0.000000 0.000000 0.684624 -0.728896 1390030870.396507 100547.195354
1390030873.396495 -0.543419 9.708530 0.000000 -0.000000 0.000000 0.690566 -0.723270 1390030873.396495 100549.972321
1390030875.796496 -0.523940 8.770227 0.000000 -0.000000 0.000000 0.694248 -0.719736 1390030875.796496 100552.793179
1390030878.096523 -0.533640 7.843414 0.000000 -0.000000 0.000000 0.700633 -0.713522 1390030878.096523 100555.373189
1390030880.396536 -0.552651 6.824049 0.000000 -0.000000 0.000000 0.707029 -0.707184 1390030880.396536 100558.052811
1390030883.896536 -0.500320 5.949658 0.000000 -0.000000 0.000000 0.671814 -0.740720 1390030883.896536 100561.624753
1390030886.796501 -0.440188 4.963642 0.000000 -0.000000 0.000000 0.678313 -0.734773 1390030886.796501 100564.444393
1390030889.996490 -0.399213 4.008696 0.000000 -0.000000 0.000000 0.682025 -0.731329 1390030889.996490 100567.171926
1390030892.696496 -0.369852 3.049876 0.000000 -0.000000 0.000000 0.689175 -0.724595 1390030892.696496 100569.898595
1390030895.396503 -0.362737 2.094999 0.000000 -0.000000 0.000000 0.691779 -0.722110 1390030895.396503 100572.622583
1390030897.996526 -0.357486 1.143545 0.000000 -0.000000 0.000000 0.700528 -0.713624 1390030897.996526 100575.349957
1390030900.296498 -0.375557 0.208205 0.000000 -0.000000 0.000000 0.707365 -0.706848 1390030900.296498 100577.982583
1390030902.796487 -0.370353 -0.079146 0.000000 -0.000000 0.000000 0.514635 -0.857409 1390030902.796487 100580.332004
1390030904.696505 -0.315674 -0.006212 0.000000 -0.000000 0.000000 0.209181 -0.977877 1390030904.696505 100581.836962
1390030906.596507 -0.326174 0.038909 0.000000 0.000000 -0.000000 -0.002884 -0.999996 1390030906.596507 100582.870706
1390030909.996523 0.109977 -0.007435 0.000000 -0.000000 0.000000 0.167453 -0.985880 1390030909.996523 100585.923118
1390030911.696506 0.098004 -0.048385 0.000000 -0.000000 0.000000 0.352515 -0.935806 1390030911.696506 100586.722566
1390030912.896502 0.028945 -0.073288 0.000000 -0.000000 0.000000 0.613845 -0.789427 1390030912.896502 100587.757536
1390030916.496498 0.093354 -0.991820 0.000000 -0.000000 0.000000 0.704256 -0.709946 1390030916.496498 100592.035684
1390030919.796501 0.105693 -1.977199 0.000000 -0.000000 0.000000 0.683691 -0.729772 1390030919.796501 100595.512300
1390030922.296546 0.184927 -2.948563 0.000000 -0.000000 0.000000 0.688964 -0.724795 1390030922.296546 100598.003580
1390030924.396525 0.214462 -3.847962 0.000000 -0.000000 0.000000 0.690524 -0.723310 1390030924.396525 100600.409554
1390030926.896481 0.219688 -4.859632 0.000000 -0.000000 0.000000 0.692039 -0.721860 1390030926.896481 100602.983651
1390030928.996519 0.249575 -5.813642 0.000000 -0.000000 0.000000 0.706252 -0.707960 1390030928.996519 100605.445657
1390030931.096484 0.215180 -6.764361 0.000000 -0.000000 0.000000 0.707766 -0.706447 1390030931.096484 100607.825635
1390030933.396485 0.156549 -7.232121 0.000000 -0.000000 0.000000 0.698325 -0.715781 1390030933.396485 100611.170023
1390030935.696503 0.208941 -6.274714 0.000000 -0.000000 0.000000 0.705130 -0.709078 1390030935.696503 100613.700673
1390030938.396507 0.211777 -5.332820 0.000000 -0.000000 0.000000 0.694628 -0.719369 1390030938.396507 100616.381948
1390030940.896481 0.162887 -4.357827 0.000000 -0.000000 0.000000 0.678572 -0.734534 1390030940.896481 100619.057783
1390030943.396536 0.156508 -3.326627 0.000000 -0.000000 0.000000 0.681838 -0.731503 1390030943.396536 100622.112031
1390030946.196485 0.113686 -2.378234 0.000000 -0.000000 0.000000 0.678136 -0.734937 1390030946.196485 100624.839218
1390030948.696492 0.013619 -1.401702 0.000000 -0.000000 0.000000 0.666433 -0.745565 1390030948.696492 100627.566681
1390030952.696495 -0.098098 -0.576391 0.000000 -0.000000 0.000000 0.777333 -0.629089 1390030952.696495 100630.900875
1390030954.396513 -0.098745 -0.583925 0.000000 -0.000000 0.000000 0.898862 -0.438233 1390030954.396513 100631.751065
1390030955.596493 -0.157256 -0.522068 0.000000 -0.000000 0.000000 0.973475 -0.228793 1390030955.596493 100632.639297
1390030957.696524 -0.153550 -0.491977 0.000000 -0.000000 0.000000 0.999830 -0.018421 1390030957.696524 100633.912522
1390030959.996508 -1.054104 -0.465764 0.000000 -0.000000 0.000000 1.000000 -0.000657 1390030959.996508 100637.480621
1390030962.096526 -1.979392 -0.428472 0.000000 0.000000 0.000000 0.999986 0.005262 1390030962.096526 100640.630358
1390030965.696501 -2.924457 -0.455685 0.000000 -0.000000 0.000000 0.997048 -0.076778 1390030965.696501 100644.720256
1390030968.496505 -3.916008 -0.564183 0.000000 -0.000000 0.000000 0.997402 -0.072034 1390030968.496505 100647.587090
1390030971.996488 -4.410694 -0.654489 0.000000 -0.000000 0.000000 0.961519 -0.274739 1390030971.996488 100649.891383
1390030973.796514 -4.371789 -0.660849 0.000000 -0.000000 0.000000 0.902341 -0.431024 1390030973.796514 100650.834605
1390030976.796506 -4.372416 -0.778856 0.000000 -0.000000 0.000000 0.820933 -0.571025 1390030976.796506 100652.899686
1390030980.796544 -4.489119 -1.628842 0.000000 -0.000000 0.000000 0.743849 -0.668348 1390030980.796544 100657.411052
1390030983.396508 -4.602509 -2.626431 0.000000 -0.000000 0.000000 0.745944 -0.666009 1390030983.396508 100660.136338
1390030985.896499 -4.744574 -3.563366 0.000000 -0.000000 0.000000 0.749852 -0.661606 1390030985.896499 100662.771210
1390030990.296512 -4.888462 -4.067066 0.000000 -0.000000 0.000000 0.881462 -0.472254 1390030990.296512 100665.589979
1390030992.096497 -4.864952 -4.056249 0.000000 -0.000000 0.000000 0.755577 -0.655060 1390030992.096497 100666.953225
1390030993.796560 -4.810377 -4.036264 0.000000 -0.000000 0.000000 0.602350 -0.798232 1390030993.796560 100667.890605
1390030995.296499 -4.777195 -4.000880 0.000000 -0.000000 0.000000 0.398752 -0.917059 1390030995.296499 100668.834125
1390030997.896490 -4.809164 -4.031672 0.000000 -0.000000 0.000000 0.538891 -0.842376 1390030997.896490 100670.334713
1390031000.296510 -4.853326 -4.039369 0.000000 -0.000000 0.000000 0.722251 -0.691631 1390031000.296510 100672.024525
1390031003.696525 -4.681283 -3.130782 0.000000 -0.000000 0.000000 0.763452 -0.645865 1390031003.696525 100676.544736
1390031005.896514 -4.465772 -2.200086 0.000000 -0.000000 0.000000 0.762009 -0.647567 1390031005.896514 100680.206102
1390031008.496495 -4.322343 -1.235023 0.000000 -0.000000 0.000000 0.754774 -0.655985 1390031008.496495 100683.966708
1390031011.196535 -4.233525 -0.872594 0.000000 -0.000000 0.000000 0.646575 -0.762850 1390031011.196535 100686.748180
1390031012.402369 -4.194578 -0.851684 0.000000 -0.000000 0.000000 0.461080 -0.887359 1390031012.402369 100687.496065
1390031013.896474 -4.154741 -0.773801 0.000000 -0.000000 0.000000 0.290571 -0.956853 1390031013.896474 100688.334532
1390031015.496528 -4.145106 -0.755686 0.000000 -0.000000 0.000000 0.093496 -0.995620 1390031015.496528 100689.181974
1390031019.496538 -3.237041 -0.615243 0.000000 0.000000 -0.000000 -0.071832 -0.997417 1390031019.496538 100692.619127
1390031022.096520 -2.767123 -0.526261 0.000000 0.000000 -0.000000 -0.255967 -0.966686 1390031022.096520 100695.011137
1390031023.896511 -2.792025 -0.503462 0.000000 0.000000 -0.000000 -0.461399 -0.887193 1390031023.896511 100695.854805
1390031026.196505 -2.623396 -0.141936 0.000000 0.000000 -0.000000 -0.638332 -0.769762 1390031026.196505 100698.487556
1390031027.896508 -2.625550 -0.142587 0.000000 0.000000 -0.000000 -0.787642 -0.616134 1390031027.896508 100699.381314
1390031030.596503 -2.839669 0.739499 0.000000 0.000000 -0.000000 -0.797566 -0.603232 1390031030.596503 100702.577562
1390031034.096525 -3.012686 1.199786 0.000000 0.000000 -0.000000 -0.877897 -0.478850 1390031034.096525 100705.210915
1390031035.596488 -3.003118 1.123052 0.000000 0.000000 -0.000000 -0.940774 -0.339035 1390031035.596488 100706.052432
1390031038.996509 -3.776408 1.584694 0.000000 0.000000 -0.000000 -0.972063 -0.234719 1390031038.996509 100710.047029
1390031041.496516 -4.645249 2.005113 0.000000 0.000000 -0.000000 -0.974863 -0.222806 1390031041.496516 100713.245269
1390031043.896517 -4.709157 1.972855 0.000000 0.000000 -0.000000 -0.997991 -0.063354 1390031043.896517 100714.889360
1390031046.396520 -4.690655 2.016949 0.000000 0.000000 -0.000000 -0.965950 -0.258729 1390031046.396520 100716.391522
1390031048.796508 -4.701917 2.064949 0.000000 0.000000 -0.000000 -0.924232 -0.381832 1390031048.796508 100717.522063
1390031050.296476 -4.717516 2.110788 0.000000 0.000000 -0.000000 -0.868217 -0.496185 1390031050.296476 100718.227043
1390031052.396687 -4.702469 2.141270 0.000000 0.000000 -0.000000 -0.811924 -0.583763 1390031052.396687 100719.588408
1390031053.696491 -4.714529 2.078893 0.000000 0.000000 -0.000000 -0.891487 -0.453046 1390031053.696491 100720.532743
1390031055.196487 -4.706734 2.017957 0.000000 0.000000 -0.000000 -0.952889 -0.303320 1390031055.196487 100721.562606
1390031060.196503 -3.931415 1.676661 0.000000 0.000000 -0.000000 -0.988559 -0.150837 1390031060.196503 100727.161383
1390031063.396522 -3.503517 1.588076 0.000000 0.000000 -0.000000 -0.947764 -0.318974 1390031063.396522 100730.631607
1390031067.096521 -2.920452 0.828844 0.000000 0.000000 -0.000000 -0.906794 -0.421573 1390031067.096521 100735.052420
1390031069.296511 -2.351792 0.111214 0.000000 0.000000 -0.000000 -0.906716 -0.421742 1390031069.296511 100738.436504
1390031072.696543 -1.984491 -0.343965 0.000000 0.000000 -0.000000 -0.824431 -0.565962 1390031072.696543 100741.631391
1390031074.396505 -1.957534 -0.325169 0.000000 0.000000 -0.000000 -0.701039 -0.713123 1390031074.396505 100742.483177
1390031075.796505 -1.908578 -0.349349 0.000000 0.000000 -0.000000 -0.546229 -0.837636 1390031075.796505 100743.376441
1390031077.396505 -1.913960 -0.369757 0.000000 0.000000 -0.000000 -0.342946 -0.939355 1390031077.396505 100744.450108
1390031079.496491 -1.883140 -0.442649 0.000000 0.000000 -0.000000 -0.159986 -0.987119 1390031079.496491 100745.436938
1390031082.796526 -0.923741 -0.311139 0.000000 0.000000 -0.000000 -0.074778 -0.997200 1390031082.796526 100749.292656
1390031085.096513 -0.007942 -0.203774 0.000000 0.000000 -0.000000 -0.065473 -0.997854 1390031085.096513 100752.349079
1390031087.296519 0.918126 -0.117115 0.000000 0.000000 -0.000000 -0.061000 -0.998138 1390031087.296519 100755.121734
1390031089.896504 1.864312 -0.028379 0.000000 0.000000 -0.000000 -0.049563 -0.998771 1390031089.896504 100757.798480
1390031092.596506 2.827508 0.027886 0.000000 0.000000 -0.000000 -0.045099 -0.998983 1390031092.596506 100760.526553
1390031095.596509 3.079713 0.024780 0.000000 -0.000000 0.000000 0.141405 -0.989952 1390031095.596509 100762.408448
1390031097.496510 3.055536 0.013997 0.000000 -0.000000 0.000000 0.332976 -0.942935 1390031097.496510 100763.719903
1390031098.996519 2.992473 0.009376 0.000000 -0.000000 0.000000 0.446637 -0.894715 1390031098.996519 100764.429898
1390031100.201626 2.922293 0.015773 0.000000 -0.000000 0.000000 0.569118 -0.822256 1390031100.201626 100765.226729
1390031104.196497 2.954955 -0.886681 0.000000 -0.000000 0.000000 0.668776 -0.743464 1390031104.196497 100769.224104
1390031106.196512 3.028268 -1.854896 0.000000 -0.000000 0.000000 0.673492 -0.739194 1390031106.196512 100772.232739
1390031108.296515 3.107614 -2.755253 0.000000 -0.000000 0.000000 0.682238 -0.731130 1390031108.296515 100775.237910
1390031110.396502 3.170279 -3.753096 0.000000 -0.000000 0.000000 0.685497 -0.728075 1390031110.396502 100778.290319
1390031112.196510 3.190655 -4.690486 0.000000 -0.000000 0.000000 0.686952 -0.726702 1390031112.196510 100781.253462
1390031114.896514 3.172350 -5.647976 0.000000 -0.000000 0.000000 0.685869 -0.727725 1390031114.896514 100784.307986
1390031117.496485 3.207596 -6.135023 0.000000 -0.000000 0.000000 0.692016 -0.721882 1390031117.496485 100788.162427
1390031120.096503 3.197964 -5.156085 0.000000 -0.000000 0.000000 0.687541 -0.726146 1390031120.096503 100791.922924
1390031122.496544 3.140715 -4.166965 0.000000 -0.000000 0.000000 0.678746 -0.734373 1390031122.496544 100795.446626
1390031124.696488 3.121129 -3.258199 0.000000 -0.000000 0.000000 0.676464 -0.736475 1390031124.696488 100798.687583
1390031126.696505 3.043983 -2.253815 0.000000 -0.000000 0.000000 0.671542 -0.740966 1390031126.696505 100801.886695
1390031129.096531 2.969747 -1.315974 0.000000 -0.000000 0.000000 0.667432 -0.744671 1390031129.096531 100805.088948
1390031132.396516 2.957302 -0.631408 0.000000 -0.000000 0.000000 0.506086 -0.862483 1390031132.396516 100809.310725
1390031134.396527 3.005946 -0.644901 0.000000 -0.000000 0.000000 0.388376 -0.921501 1390031134.396527 100810.250370
1390031135.496495 3.028758 -0.607979 0.000000 -0.000000 0.000000 0.199713 -0.979854 1390031135.496495 100811.053136
1390031136.696520 3.023870 -0.553796 0.000000 0.000000 -0.000000 -0.063325 -0.997993 1390031136.696520 100811.942762
1390031138.396533 2.978316 -0.530227 0.000000 0.000000 -0.000000 -0.261079 -0.965318 1390031138.396533 100812.742663
1390031139.396581 2.944379 -0.517032 0.000000 0.000000 -0.000000 -0.444578 -0.895740 1390031139.396581 100813.492560
1390031141.296633 2.902121 -0.509563 0.000000 0.000000 -0.000000 -0.625195 -0.780469 1390031141.296633 100814.386644
1390031142.696492 2.889202 -0.519698 0.000000 0.000000 -0.000000 -0.792011 -0.610507 1390031142.696492 100815.420190
1390031145.296515 2.670157 0.390070 0.000000 0.000000 -0.000000 -0.789503 -0.613746 1390031145.296515 100818.476112
1390031147.696546 2.443012 1.317064 0.000000 0.000000 -0.000000 -0.784361 -0.620305 1390031147.696546 100821.202662
1390031152.096545 2.368553 2.254362 0.000000 0.000000 -0.000000 -0.703181 -0.711011 1390031152.096545 100825.477344
1390031154.096501 2.388149 3.186251 0.000000 0.000000 -0.000000 -0.698998 -0.715124 1390031154.096501 100828.442682
1390031157.296484 2.408657 4.139061 0.000000 0.000000 -0.000000 -0.709730 -0.704474 1390031157.296484 100832.481958
1390031160.796498 2.386725 5.110956 0.000000 0.000000 -0.000000 -0.748224 -0.663446 1390031160.796498 100836.768059
1390031162.996480 2.325202 5.997745 0.000000 0.000000 -0.000000 -0.743546 -0.668685 1390031162.996480 100840.284280
1390031166.396494 2.235804 6.944988 0.000000 0.000000 -0.000000 -0.714797 -0.699332 1390031166.396494 100845.079088
1390031168.496523 2.216653 7.855283 0.000000 0.000000 -0.000000 -0.718236 -0.695800 1390031168.496523 100848.601860
1390031170.896503 2.236298 8.802863 0.000000 0.000000 -0.000000 -0.719739 -0.694245 1390031170.896503 100852.032025
1390031173.196503 2.195048 9.797206 0.000000 0.000000 -0.000000 -0.706811 -0.707402 1390031173.196503 100855.604032
1390031175.596493 2.217857 10.786478 0.000000 0.000000 -0.000000 -0.701935 -0.712241 1390031175.596493 100859.086805
1390031177.896480 2.257117 11.749154 0.000000 0.000000 -0.000000 -0.697406 -0.716676 1390031177.896480 100862.518284
1390031180.096481 2.323356 12.670969 0.000000 0.000000 -0.000000 -0.702227 -0.711953 1390031180.096481 100865.949032
1390031182.296521 2.369654 13.618349 0.000000 0.000000 -0.000000 -0.698932 -0.715188 1390031182.296521 100869.185916
1390031185.496522 2.323384 14.544377 0.000000 0.000000 -0.000000 -0.722424 -0.691450 1390031185.496522 100873.698713
1390031187.996532 2.329325 15.466348 0.000000 0.000000 -0.000000 -0.721433 -0.692485 1390031187.996532 100877.370880
1390031190.696514 2.364213 15.570254 0.000000 0.000000 -0.000000 -0.567267 -0.823534 1390031190.696514 100879.060775
1390031194.096521 2.947064 16.308579 0.000000 0.000000 -0.000000 -0.458719 -0.888581 1390031194.096521 100883.056469
1390031196.396498 3.517742 17.037857 0.000000 0.000000 -0.000000 -0.451955 -0.892041 1390031196.396498 100886.438926
1390031198.296520 3.529491 17.121735 0.000000 0.000000 -0.000000 -0.628152 -0.778091 1390031198.296520 100888.126907
1390031202.796484 3.513290 18.009669 0.000000 0.000000 -0.000000 -0.699957 -0.714185 1390031202.796484 100893.344988
1390031205.096487 3.552999 18.932109 0.000000 0.000000 -0.000000 -0.699417 -0.714714 1390031205.096487 100896.305728
1390031208.196529 3.559573 19.885558 0.000000 0.000000 -0.000000 -0.721064 -0.692869 1390031208.196529 100900.158692
1390031209.996554 3.544297 20.865343 0.000000 0.000000 -0.000000 -0.720374 -0.693586 1390031209.996554 100903.215766
1390031211.696522 3.521951 21.818705 0.000000 0.000000 -0.000000 -0.714011 -0.700135 1390031211.696522 100906.176076
1390031213.796522 3.522011 22.726359 0.000000 0.000000 -0.000000 -0.711742 -0.702441 1390031213.796522 100909.185757
1390031216.096506 3.517680 22.482032 0.000000 0.000000 -0.000000 -0.703281 -0.710912 1390031216.096506 100912.951844
1390031218.396538 3.484987 21.554665 0.000000 0.000000 -0.000000 -0.715318 -0.698799 1390031218.396538 100916.185499
1390031220.696484 3.522485 20.618035 0.000000 0.000000 -0.000000 -0.715775 -0.698331 1390031220.696484 100919.150403
1390031222.896506 3.526651 19.652256 0.000000 0.000000 -0.000000 -0.721487 -0.692428 1390031222.896506 100922.154456
1390031225.096507 3.532935 18.713520 0.000000 0.000000 -0.000000 -0.728347 -0.685208 1390031225.096507 100925.166163
1390031227.296562 3.577573 17.781344 0.000000 0.000000 -0.000000 -0.735267 -0.677777 1390031227.296562 100928.124982
1390031229.196522 3.633771 16.840018 0.000000 0.000000 -0.000000 -0.738991 -0.673716 1390031229.196522 100931.178311
1390031232.596488 3.701262 16.221444 0.000000 0.000000 -0.000000 -0.606625 -0.794988 1390031232.596488 100934.141278
1390031233.996477 3.730205 16.201497 0.000000 0.000000 -0.000000 -0.425117 -0.905138 1390031233.996477 100934.986257
1390031235.196527 3.776510 16.152112 0.000000 0.000000 -0.000000 -0.174980 -0.984572 1390031235.196527 100935.879116
1390031237.096526 3.772500 16.095991 0.000000 -0.000000 0.000000 0.046308 -0.998927 1390031237.096526 100936.931580
1390031241.396503 4.678104 16.073035 0.000000 0.000000 -0.000000 -0.016064 -0.999871 1390031241.396503 100941.659570
1390031244.196560 5.637249 16.073495 0.000000 0.000000 -0.000000 -0.009073 -0.999959 1390031244.196560 100944.244540
1390031246.496541 6.569632 16.066972 0.000000 -0.000000 0.000000 0.000264 -1.000000 1390031246.496541 100946.783346
1390031248.996551 7.615341 16.011704 0.000000 -0.000000 0.000000 0.007186 -0.999974 1390031248.996551 100949.650795
1390031251.596552 7.776368 16.066056 0.000000 0.000000 -0.000000 -0.166234 -0.986086 1390031251.596552 100951.295504
1390031252.896485 7.743473 16.071876 0.000000 0.000000 -0.000000 -0.320612 -0.947211 1390031252.896485 100952.238349
1390031254.496491 7.700318 16.071552 0.000000 0.000000 -0.000000 -0.459427 -0.888216 1390031254.496491 100953.193856
1390031255.696521 7.649787 16.044861 0.000000 0.000000 -0.000000 -0.600720 -0.799460 1390031255.696521 100953.880291
1390031259.196520 7.631689 17.022601 0.000000 0.000000 -0.000000 -0.711036 -0.703155 1390031259.196520 100958.438324
1390031261.496536 7.614436 17.946833 0.000000 0.000000 -0.000000 -0.703015 -0.711175 1390031261.496536 100961.775585
1390031263.496587 7.669133 18.867200 0.000000 0.000000 -0.000000 -0.699311 -0.714817 1390031263.496587 100965.164148
1390031265.696523 7.694658 19.828533 0.000000 0.000000 -0.000000 -0.693229 -0.720718 1390031265.696523 100968.497741
1390031268.796515 7.697576 20.746526 0.000000 0.000000 -0.000000 -0.726335 -0.687341 1390031268.796515 100972.635136
1390031271.096563 7.664053 21.727844 0.000000 0.000000 -0.000000 -0.726201 -0.687482 1390031271.096563 100976.112225
1390031274.496526 7.672155 21.523225 0.000000 0.000000 -0.000000 -0.715963 -0.698138 1390031274.496526 100980.863774
1390031276.996604 7.667607 20.560577 0.000000 0.000000 -0.000000 -0.721064 -0.692869 1390031276.996604 100984.201283
1390031278.996558 7.691022 19.559890 0.000000 0.000000 -0.000000 -0.724030 -0.689768 1390031278.996558 100987.905290
1390031282.396590 7.754763 18.598682 0.000000 0.000000 -0.000000 -0.704453 -0.709750 1390031282.396590 100992.233507
1390031284.696538 7.779724 17.632059 0.000000 0.000000 -0.000000 -0.716797 -0.697282 1390031284.696538 100995.944075
1390031287.396483 7.786095 16.678412 0.000000 0.000000 -0.000000 -0.718327 -0.695706 1390031287.396483 100999.612753
1390031290.996581 7.821628 15.986940 0.000000 0.000000 -0.000000 -0.593715 -0.804676 1390031290.996581 101003.416020
1390031292.596547 7.855459 15.971827 0.000000 0.000000 -0.000000 -0.424720 -0.905325 1390031292.596547 101004.357666
1390031294.496534 7.879253 15.920442 0.000000 0.000000 -0.000000 -0.234817 -0.972039 1390031294.496534 101005.628106
1390031297.496551 7.873282 15.862071 0.000000 0.000000 -0.000000 -0.037926 -0.999281 1390031297.496551 101007.223116
1390031299.896486 6.939737 15.838968 0.000000 0.000000 -0.000000 -0.036499 -0.999334 1390031299.896486 101010.794830
1390031302.196550 6.482013 15.778331 0.000000 -0.000000 0.000000 0.107286 -0.994228 1390031302.196550 101013.616660
1390031303.196545 6.454250 15.733572 0.000000 -0.000000 0.000000 0.313941 -0.949442 1390031303.196545 101014.415008
1390031305.096533 6.438788 15.699996 0.000000 -0.000000 0.000000 0.510608 -0.859813 1390031305.096533 101015.449852
1390031306.696548 6.428236 15.656433 0.000000 -0.000000 0.000000 0.647285 -0.762248 1390031306.696548 101016.214834
1390031310.796505 6.441213 14.724073 0.000000 -0.000000 0.000000 0.697989 -0.716108 1390031310.796505 101020.530328
1390031313.696595 6.459839 13.754555 0.000000 -0.000000 0.000000 0.705307 -0.708902 1390031313.696595 101023.342478
1390031316.196490 6.414382 12.796972 0.000000 -0.000000 0.000000 0.711495 -0.702691 1390031316.196490 101026.215634
1390031318.896546 6.377679 11.841663 0.000000 -0.000000 0.000000 0.716665 -0.697417 1390031318.896546 101029.077787
1390031321.396533 6.301079 10.937475 0.000000 -0.000000 0.000000 0.720632 -0.693317 1390031321.396533 101031.856554
1390031324.696519 6.392159 9.965714 0.000000 -0.000000 0.000000 0.673515 -0.739174 1390031324.696519 101036.458447
1390031326.996651 6.442555 8.859522 0.000000 -0.000000 0.000000 0.673249 -0.739416 1390031326.996651 101040.264811
1390031330.496506 6.415144 7.952830 0.000000 -0.000000 0.000000 0.715947 -0.698154 1390031330.496506 101044.214477
1390031333.796527 6.414667 6.985722 0.000000 -0.000000 0.000000 0.675999 -0.736903 1390031333.796527 101048.113847
1390031336.096496 6.456227 6.032058 0.000000 -0.000000 0.000000 0.681021 -0.732264 1390031336.096496 101051.127200
1390031337.996511 6.515794 5.115621 0.000000 -0.000000 0.000000 0.689814 -0.723986 1390031337.996511 101054.081674
1390031340.396487 6.493046 4.157754 0.000000 -0.000000 0.000000 0.690085 -0.723728 1390031340.396487 101057.091431
1390031342.596476 6.497157 3.188426 0.000000 -0.000000 0.000000 0.698799 -0.715318 1390031342.596476 101060.145853
1390031344.696482 6.413789 2.216268 0.000000 -0.000000 0.000000 0.695873 -0.718165 1390031344.696482 101063.152455
1390031346.896555 6.487238 1.326259 0.000000 -0.000000 0.000000 0.707965 -0.706248 1390031346.896555 101066.112712
1390031349.496542 6.390322 0.421380 0.000000 -0.000000 0.000000 0.707108 -0.707106 1390031349.496542 101069.075206
1390031353.096505 6.267150 -0.501382 0.000000 -0.000000 0.000000 0.775085 -0.631856 1390031353.096505 101073.258713
1390031355.296539 6.097537 -1.428334 0.000000 -0.000000 0.000000 0.780830 -0.624743 1390031355.296539 101076.644107
1390031359.396552 5.950842 -2.376856 0.000000 -0.000000 0.000000 0.697783 -0.716309 1390031359.396552 101081.294265
1390031361.696523 5.936291 -3.328613 0.000000 -0.000000 0.000000 0.704827 -0.709379 1390031361.696523 101084.492359
1390031364.096535 5.871225 -4.282454 0.000000 -0.000000 0.000000 0.705333 -0.708876 1390031364.096535 101087.732869
1390031366.596490 5.851884 -5.275904 0.000000 -0.000000 0.000000 0.709348 -0.704859 1390031366.596490 101091.116242
1390031369.196544 5.780149 -6.145625 0.000000 -0.000000 0.000000 0.706357 -0.707856 1390031369.196544 101094.926806
1390031371.796560 5.810783 -5.133533 0.000000 -0.000000 0.000000 0.694920 -0.719087 1390031371.796560 101098.828904
1390031374.296521 5.864843 -4.210061 0.000000 -0.000000 0.000000 0.699472 -0.714660 1390031374.296521 101102.446200
1390031376.596525 5.903173 -3.278441 0.000000 -0.000000 0.000000 0.696952 -0.717117 1390031376.596525 101106.064407
1390031378.996537 5.894487 -2.323558 0.000000 -0.000000 0.000000 0.691457 -0.722417 1390031378.996537 101109.683583
1390031380.796511 5.881837 -1.353980 0.000000 -0.000000 0.000000 0.686293 -0.727325 1390031380.796511 101113.305344
1390031385.696488 5.894401 -0.452726 0.000000 -0.000000 0.000000 0.490974 -0.871174 1390031385.696488 101118.377272
1390031388.396504 5.939275 -0.404146 0.000000 -0.000000 0.000000 0.239988 -0.970776 1390031388.396504 101119.832545
1390031390.296521 5.935269 -0.360902 0.000000 -0.000000 0.000000 0.016597 -0.999862 1390031390.296521 101120.728026
1390031393.296504 6.909544 -0.274567 0.000000 0.000000 -0.000000 -0.049531 -0.998773 1390031393.296504 101124.685343
1390031395.496484 7.801172 -0.246690 0.000000 0.000000 -0.000000 -0.044351 -0.999016 1390031395.496484 101127.684295
1390031397.696550 8.786815 -0.179359 0.000000 0.000000 -0.000000 -0.034254 -0.999413 1390031397.696550 101130.738356
1390031399.996513 8.816144 -0.247691 0.000000 -0.000000 0.000000 0.166264 -0.986081 1390031399.996513 101131.961674
1390031401.596541 8.797589 -0.294557 0.000000 -0.000000 0.000000 0.358211 -0.933641 1390031401.596541 101132.857576
1390031403.196512 8.717039 -0.310025 0.000000 -0.000000 0.000000 0.597400 -0.801943 1390031403.196512 101134.075947
1390031408.096597 8.670614 -1.254581 0.000000 -0.000000 0.000000 0.701447 -0.712721 1390031408.096597 101138.728103
1390031410.396509 8.653113 -2.184705 0.000000 -0.000000 0.000000 0.707485 -0.706728 1390031410.396509 101141.735899
1390031412.796496 8.567342 -3.207179 0.000000 -0.000000 0.000000 0.708050 -0.706162 1390031412.796496 101145.025893
1390031415.196550 8.469298 -4.180275 0.000000 -0.000000 0.000000 0.707235 -0.706978 1390031415.196550 101148.081641
1390031417.196484 8.474736 -5.100775 0.000000 -0.000000 0.000000 0.714013 -0.700133 1390031417.196484 101151.043100
1390031419.396596 8.458495 -5.755320 0.000000 -0.000000 0.000000 0.712756 -0.701412 1390031419.396596 101155.039708
1390031421.296488 8.464234 -4.757347 0.000000 -0.000000 0.000000 0.701026 -0.713136 1390031421.296488 101158.470995
1390031423.396539 8.509919 -3.783217 0.000000 -0.000000 0.000000 0.698255 -0.715849 1390031423.396539 101161.900568
1390031426.096540 8.551339 -2.739222 0.000000 -0.000000 0.000000 0.699595 -0.714539 1390031426.096540 101165.703604
1390031428.596482 8.609451 -1.873550 0.000000 -0.000000 0.000000 0.698173 -0.715929 1390031428.596482 101169.090256
1390031432.896524 8.665845 -1.045928 0.000000 -0.000000 0.000000 0.534184 -0.845368 1390031432.896524 101173.554257
1390031434.896581 8.700669 -1.046048 0.000000 -0.000000 0.000000 0.319880 -0.947458 1390031434.896581 101174.500553
1390031436.296708 8.698850 -0.962425 0.000000 -0.000000 0.000000 0.161207 -0.986921 1390031436.296708 101175.446996
1390031437.696518 8.679853 -0.921684 0.000000 0.000000 -0.000000 -0.001074 -0.999999 1390031437.696518 101176.378645
1390031440.996480 9.579730 -0.669152 0.000000 0.000000 -0.000000 -0.136136 -0.990690 1390031440.996480 101180.322813
1390031443.396520 10.527522 -0.493179 0.000000 0.000000 -0.000000 -0.134194 -0.990955 1390031443.396520 101183.564925
1390031445.396483 11.423548 -0.223907 0.000000 0.000000 -0.000000 -0.123183 -0.992384 1390031445.396483 101186.726698
1390031449.196559 12.197656 -0.093958 0.000000 -0.000000 0.000000 0.061491 -0.998108 1390031449.196559 101190.663429
1390031450.996548 12.222280 -0.108214 0.000000 -0.000000 0.000000 0.262241 -0.965002 1390031450.996548 101191.557340
1390031452.996483 12.178190 -0.149408 0.000000 -0.000000 0.000000 0.445818 -0.895124 1390031452.996483 101192.639001
1390031454.896558 12.104821 -0.147202 0.000000 -0.000000 0.000000 0.591923 -0.805994 1390031454.896558 101193.530151
1390031459.296507 12.153571 -1.038695 0.000000 -0.000000 0.000000 0.675496 -0.737363 1390031459.296507 101197.994409
1390031461.996483 12.216743 -2.016391 0.000000 -0.000000 0.000000 0.685998 -0.727603 1390031461.996483 101200.867947
1390031464.596569 12.234932 -2.962058 0.000000 -0.000000 0.000000 0.690259 -0.723562 1390031464.596569 101203.680763
1390031467.496558 12.283447 -3.942411 0.000000 -0.000000 0.000000 0.697835 -0.716259 1390031467.496558 101206.641652
1390031470.496521 12.241037 -4.890363 0.000000 -0.000000 0.000000 0.691258 -0.722608 1390031470.496521 101209.465459
1390031473.296521 12.243918 -5.823092 0.000000 -0.000000 0.000000 0.694605 -0.719391 1390031473.296521 101212.281239
1390031476.196512 12.230323 -4.935335 0.000000 -0.000000 0.000000 0.690897 -0.722953 1390031476.196512 101216.699605
1390031478.296566 12.266164 -3.915104 0.000000 -0.000000 0.000000 0.696023 -0.718019 1390031478.296566 101219.942855
1390031480.596589 12.237033 -2.992299 0.000000 -0.000000 0.000000 0.685480 -0.728092 1390031480.596589 101222.904537
1390031482.896489 12.184436 -2.028972 0.000000 -0.000000 0.000000 0.679005 -0.734134 1390031482.896489 101225.961089
1390031484.896590 12.109231 -1.061363 0.000000 -0.000000 0.000000 0.676644 -0.736310 1390031484.896590 101228.923091
1390031487.596487 12.133764 -0.853615 0.000000 -0.000000 0.000000 0.506968 -0.861965 1390031487.596487 101231.129432
1390031489.796511 12.153407 -0.825611 0.000000 -0.000000 0.000000 0.326868 -0.945070 1390031489.796511 101232.303084
1390031490.896507 12.163885 -0.776056 0.000000 -0.000000 0.000000 0.106473 -0.994316 1390031490.896507 101233.014567
1390031494.096551 11.229387 -0.638444 0.000000 -0.000000 0.000000 0.060541 -0.998166 1390031494.096551 101236.910309
1390031497.996596 10.569406 -0.557877 0.000000 0.000000 -0.000000 -0.149176 -0.988811 1390031497.996596 101240.493818
1390031499.596547 10.521457 -0.472571 0.000000 0.000000 -0.000000 -0.350519 -0.936556 1390031499.596547 101241.435830
1390031503.196526 10.799425 -0.056214 0.000000 0.000000 -0.000000 -0.550817 -0.834626 1390031503.196526 101244.242093
1390031504.896591 10.722994 -0.037361 0.000000 0.000000 -0.000000 -0.707383 -0.706830 1390031504.896591 101245.417057
1390031508.296487 10.746736 0.885457 0.000000 0.000000 -0.000000 -0.730944 -0.682437 1390031508.296487 101249.976139
1390031511.296565 10.624587 1.842403 0.000000 0.000000 -0.000000 -0.744769 -0.667322 1390031511.296565 101253.640198
1390031513.896556 10.512405 2.750849 0.000000 0.000000 -0.000000 -0.745190 -0.666852 1390031513.896556 101256.415228
1390031517.196599 10.480213 3.673236 0.000000 0.000000 -0.000000 -0.698242 -0.715862 1390031517.196599 101260.082951
1390031520.496554 10.539069 4.562237 0.000000 0.000000 -0.000000 -0.711634 -0.702551 1390031520.496554 101263.937400
1390031523.096538 10.542745 5.496689 0.000000 0.000000 -0.000000 -0.708592 -0.705619 1390031523.096538 101266.894173
1390031525.596488 10.569073 6.446239 0.000000 0.000000 -0.000000 -0.704456 -0.709747 1390031525.596488 101269.715765
1390031527.996587 10.599800 7.384986 0.000000 0.000000 -0.000000 -0.700358 -0.713792 1390031527.996587 101272.487731
1390031531.496535 10.586257 8.380017 0.000000 0.000000 -0.000000 -0.732877 -0.680361 1390031531.496535 101276.387758
1390031533.896546 10.520983 9.347913 0.000000 0.000000 -0.000000 -0.725141 -0.688601 1390031533.896546 101279.632044
1390031536.396546 10.517306 10.273800 0.000000 0.000000 -0.000000 -0.720493 -0.693462 1390031536.396546 101282.594633
1390031538.396564 10.490719 11.255491 0.000000 0.000000 -0.000000 -0.713685 -0.700467 1390031538.396564 101285.600521
1390031540.196547 10.498584 12.262987 0.000000 0.000000 -0.000000 -0.702008 -0.712169 1390031540.196547 101288.843328
1390031542.296504 10.464513 13.220298 0.000000 0.000000 -0.000000 -0.699470 -0.714662 1390031542.296504 101291.852172
1390031544.596627 10.542594 14.179031 0.000000 0.000000 -0.000000 -0.703367 -0.710827 1390031544.596627 101294.860677
1390031546.896564 10.575749 15.102522 0.000000 0.000000 -0.000000 -0.700271 -0.713877 1390031546.896564 101297.869382
1390031550.296540 10.641374 15.838321 0.000000 0.000000 -0.000000 -0.546141 -0.837693 1390031550.296540 101301.298969
1390031551.996477 10.667363 15.791020 0.000000 0.000000 -0.000000 -0.377712 -0.925923 1390031551.996477 101302.284035
1390031554.896513 10.935748 15.857135 0.000000 0.000000 -0.000000 -0.156920 -0.987611 1390031554.896513 101304.445918
1390031559.096553 11.798804 16.076582 0.000000 0.000000 -0.000000 -0.354207 -0.935167 1390031559.096553 101308.018061
1390031561.196484 11.749601 16.107289 0.000000 0.000000 -0.000000 -0.552010 -0.833837 1390031561.196484 101309.006307
1390031565.296507 11.790918 17.059761 0.000000 0.000000 -0.000000 -0.696972 -0.717098 1390031565.296507 101313.660087
1390031567.996537 11.797377 18.001047 0.000000 0.000000 -0.000000 -0.689113 -0.724653 1390031567.996537 101316.575503
1390031571.296478 11.817260 18.946756 0.000000 0.000000 -0.000000 -0.712660 -0.701509 1390031571.296478 101320.566441
1390031573.596557 11.806935 19.887225 0.000000 0.000000 -0.000000 -0.705083 -0.709125 1390031573.596557 101323.717290
1390031576.696501 11.822083 20.848829 0.000000 0.000000 -0.000000 -0.732851 -0.680389 1390031576.696501 101327.572960
1390031578.896507 11.803445 21.773469 0.000000 0.000000 -0.000000 -0.732670 -0.680584 1390031578.896507 101330.540134
1390031580.796547 11.731979 22.717084 0.000000 0.000000 -0.000000 -0.724051 -0.689746 1390031580.796547 101333.540736
1390031583.496560 11.773865 21.965843 0.000000 0.000000 -0.000000 -0.730536 -0.682874 1390031583.496560 101337.113408
1390031586.196563 11.806522 21.028869 0.000000 0.000000 -0.000000 -0.741167 -0.671321 1390031586.196563 101339.976115
1390031588.496505 11.839240 20.034792 0.000000 0.000000 -0.000000 -0.742449 -0.669903 1390031588.496505 101342.896387
1390031591.896503 11.841296 19.099138 0.000000 0.000000 -0.000000 -0.704531 -0.709673 1390031591.896503 101347.544201
1390031594.196572 11.785564 18.203049 0.000000 0.000000 -0.000000 -0.710141 -0.704060 1390031594.196572 101350.885249
1390031596.296526 11.869054 17.273791 0.000000 0.000000 -0.000000 -0.719088 -0.694919 1390031596.296526 101354.220777
1390031600.096544 11.913835 16.463208 0.000000 0.000000 -0.000000 -0.579183 -0.815198 1390031600.096544 101358.740065
1390031601.602849 11.927901 16.477614 0.000000 0.000000 -0.000000 -0.393508 -0.919321 1390031601.602849 101359.580063
1390031602.896570 11.981007 16.396258 0.000000 0.000000 -0.000000 -0.179842 -0.983695 1390031602.896570 101360.379066
1390031606.696486 12.900950 16.367752 0.000000 -0.000000 0.000000 0.001582 -0.999999 1390031606.696486 101364.757000
1390031608.696513 13.831912 16.296747 0.000000 0.000000 -0.000000 -0.000206 -1.000000 1390031608.696513 101367.709552
1390031610.796485 14.754693 16.264973 0.000000 -0.000000 0.000000 0.010438 -0.999946 1390031610.796485 101370.669302
1390031613.196663 15.699549 16.190050 0.000000 -0.000000 0.000000 0.020048 -0.999799 1390031613.196663 101373.778500
1390031614.996520 15.711783 16.251308 0.000000 0.000000 -0.000000 -0.200128 -0.979770 1390031614.996520 101374.853901
1390031616.296597 15.698611 16.285500 0.000000 0.000000 -0.000000 -0.420738 -0.907182 1390031616.296597 101375.606221
1390031619.696486 15.834662 16.747166 0.000000 0.000000 -0.000000 -0.584687 -0.811259 1390031619.696486 101378.946893
1390031623.096522 15.952154 17.641578 0.000000 0.000000 -0.000000 -0.652426 -0.757853 1390031623.096522 101382.617019
1390031627.396550 15.959599 18.542566 0.000000 0.000000 -0.000000 -0.726886 -0.686758 1390031627.396550 101386.979259
1390031629.896603 15.902353 19.487267 0.000000 0.000000 -0.000000 -0.718301 -0.695732 1390031629.896603 101389.847549
1390031632.396524 15.890862 20.436631 0.000000 0.000000 -0.000000 -0.716094 -0.698003 1390031632.396524 101392.720457
1390031634.996509 15.886173 21.384615 0.000000 0.000000 -0.000000 -0.716046 -0.698053 1390031634.996509 101395.532393
1390031637.896568 15.890835 22.315237 0.000000 0.000000 -0.000000 -0.709257 -0.704950 1390031637.896568 101398.352175
1390031640.396566 15.932879 23.261433 0.000000 0.000000 -0.000000 -0.710252 -0.703948 1390031640.396566 101401.219863
1390031643.196605 15.893999 22.378765 0.000000 0.000000 -0.000000 -0.710970 -0.703223 1390031643.196605 101404.708089
1390031645.396490 15.920429 21.446377 0.000000 0.000000 -0.000000 -0.720996 -0.692939 1390031645.396490 101407.664163
1390031647.396507 15.915617 20.517370 0.000000 0.000000 -0.000000 -0.728314 -0.685243 1390031647.396507 101410.628096
1390031649.796484 15.944450 19.614543 0.000000 0.000000 -0.000000 -0.736829 -0.676079 1390031649.796484 101413.578339
1390031652.396606 16.037247 18.657412 0.000000 0.000000 -0.000000 -0.713180 -0.700981 1390031652.396606 101417.668380
1390031654.596547 16.084978 17.743046 0.000000 0.000000 -0.000000 -0.722896 -0.690957 1390031654.596547 101420.629112
1390031657.096575 16.106402 16.732357 0.000000 0.000000 -0.000000 -0.727853 -0.685733 1390031657.096575 101423.870840
1390031659.196555 16.061548 16.641719 0.000000 0.000000 -0.000000 -0.851404 -0.524511 1390031659.196555 101425.518005
1390031660.496484 16.064449 16.595760 0.000000 0.000000 -0.000000 -0.923978 -0.382446 1390031660.496484 101426.367371
1390031661.596510 16.085902 16.550074 0.000000 0.000000 -0.000000 -0.963709 -0.266955 1390031661.596510 101427.019865
1390031662.896559 16.108960 16.505707 0.000000 0.000000 -0.000000 -0.992033 -0.125975 1390031662.896559 101427.630702
1390031666.796541 15.165097 16.395941 0.000000 0.000000 0.000000 -0.998602 0.052858 1390031666.796541 101431.532777
1390031668.996512 14.886595 16.305486 0.000000 0.000000 0.000000 -0.973345 0.229345 1390031668.996512 101433.271478
1390031670.196503 14.865125 16.288085 0.000000 0.000000 0.000000 -0.904307 0.426882 1390031670.196503 101434.070966
1390031673.396534 14.814693 15.892334 0.000000 0.000000 0.000000 -0.768597 0.639733 1390031673.396534 101436.756572
1390031677.496511 14.671920 14.955476 0.000000 0.000000 0.000000 -0.697096 0.716978 1390031677.496511 101441.167298
1390031679.596503 14.697771 14.053270 0.000000 0.000000 0.000000 -0.712475 0.701697 1390031679.596503 101443.709565
1390031681.996587 14.646788 13.096205 0.000000 0.000000 0.000000 -0.713823 0.700326 1390031681.996587 101446.485426
1390031684.596546 14.664903 12.151242 0.000000 0.000000 0.000000 -0.697932 0.716164 1390031684.596546 101450.239992
1390031686.796503 14.665573 11.172260 0.000000 0.000000 0.000000 -0.698344 0.715762 1390031686.796503 101453.387789
1390031688.896599 14.674660 10.259749 0.000000 0.000000 0.000000 -0.706160 0.708052 1390031688.896599 101456.349007
1390031690.996513 14.627444 9.283269 0.000000 0.000000 0.000000 -0.709887 0.704316 1390031690.996513 101459.448979
1390031694.796519 14.678331 8.299281 0.000000 0.000000 0.000000 -0.647665 0.761925 1390031694.796519 101463.540533
1390031699.396541 14.789939 7.384491 0.000000 0.000000 0.000000 -0.728943 0.684574 1390031699.396541 101468.522556
1390031702.196598 14.786601 6.438358 0.000000 0.000000 0.000000 -0.723294 0.690540 1390031702.196598 101472.516446
1390031705.496546 14.707069 5.420177 0.000000 0.000000 0.000000 -0.702870 0.711318 1390031705.496546 101476.650381
1390031707.796503 14.692300 4.486215 0.000000 0.000000 0.000000 -0.707004 0.707210 1390031707.796503 101479.519987
1390031710.496559 14.668311 3.491668 0.000000 0.000000 0.000000 -0.709663 0.704541 1390031710.496559 101482.389766
1390031713.496481 14.555356 2.487978 0.000000 0.000000 0.000000 -0.700646 0.713509 1390031713.496481 101485.346676
1390031716.796529 14.691222 1.592041 0.000000 0.000000 0.000000 -0.664995 0.746848 1390031716.796529 101489.200941
1390031719.496574 14.778401 0.651495 0.000000 0.000000 0.000000 -0.673817 0.738898 1390031719.496574 101492.021445
1390031723.596482 14.851244 -0.138971 0.000000 0.000000 0.000000 -0.500532 0.865718 1390031723.596482 101495.405529
1390031725.096607 14.866384 -0.109781 0.000000 0.000000 0.000000 -0.305094 0.952322 1390031725.096607 101496.347355
1390031727.196487 14.887200 -0.060624 0.000000 0.000000 0.000000 -0.108422 0.994105 1390031727.196487 101497.377507
1390031731.196555 15.793796 0.039970 0.000000 0.000000 0.000000 0.061010 0.998137 1390031731.196555 101501.279352
1390031733.796592 16.353434 0.023806 0.000000 0.000000 0.000000 -0.161309 0.986904 1390031733.796592 101503.770325
1390031735.496537 16.315084 0.012079 0.000000 0.000000 0.000000 -0.372704 0.927950 1390031735.496537 101504.710389
1390031737.296621 16.269713 -0.011525 0.000000 0.000000 0.000000 -0.568521 0.822669 1390031737.296621 101505.697908
1390031741.596610 16.413356 -0.917059 0.000000 0.000000 0.000000 -0.709421 0.704785 1390031741.596610 101510.068255
1390031744.796546 16.431448 -1.891871 0.000000 0.000000 0.000000 -0.684842 0.728691 1390031744.796546 101513.592113
1390031747.396624 16.455024 -2.821208 0.000000 0.000000 0.000000 -0.685651 0.727931 1390031747.396624 101516.459347
1390031749.696547 16.489822 -3.735717 0.000000 0.000000 0.000000 -0.693266 0.720682 1390031749.696547 101519.232587
1390031752.296546 16.499308 -4.703291 0.000000 0.000000 0.000000 -0.690121 0.723694 1390031752.296546 101522.147893
1390031754.796498 16.491525 -5.637512 0.000000 0.000000 0.000000 -0.689050 0.724714 1390031754.796498 101524.967710
1390031757.996489 16.506656 -6.582262 0.000000 0.000000 0.000000 -0.696814 0.717252 1390031757.996489 101527.788523
1390031760.296554 16.507782 -6.516832 0.000000 0.000000 0.000000 -0.697748 0.716344 1390031760.296554 101531.169773
1390031762.696518 16.472648 -5.529726 0.000000 0.000000 0.000000 -0.688384 0.725347 1390031762.696518 101533.998681
1390031765.196546 16.466163 -4.587850 0.000000 0.000000 0.000000 -0.688238 0.725485 1390031765.196546 101536.673530
1390031767.596852 16.437452 -3.589687 0.000000 0.000000 0.000000 -0.679596 0.733586 1390031767.596852 101539.489664
1390031770.296603 16.428445 -2.649610 0.000000 0.000000 0.000000 -0.698562 0.715550 1390031770.296603 101543.388124
1390031772.696492 16.425242 -1.758761 0.000000 0.000000 0.000000 -0.691152 0.722710 1390031772.696492 101546.540688
1390031774.896589 16.436862 -0.697510 0.000000 0.000000 0.000000 -0.689956 0.723851 1390031774.896589 101549.782239
1390031776.496519 16.462186 -0.633133 0.000000 0.000000 0.000000 -0.539991 0.841671 1390031776.496519 101551.053976
1390031777.796695 16.482348 -0.621682 0.000000 0.000000 0.000000 -0.338699 0.940895 1390031777.796695 101551.849151
1390031778.896509 16.485832 -0.558850 0.000000 0.000000 0.000000 -0.132795 0.991143 1390031778.896509 101552.370371
1390031782.496557 17.405123 -0.596953 0.000000 0.000000 0.000000 -0.011475 0.999934 1390031782.496557 101555.895269
1390031785.196522 18.363892 -0.660197 0.000000 0.000000 0.000000 -0.015788 0.999875 1390031785.196522 101558.479443
1390031790.196546 19.231994 -0.734528 0.000000 0.000000 0.000000 -0.198086 0.980185 1390031790.196546 101562.849722
1390031791.496481 19.178473 -0.701339 0.000000 0.000000 0.000000 -0.422517 0.906355 1390031791.496481 101563.558540
1390031792.696533 19.166110 -0.764299 0.000000 0.000000 0.000000 -0.592425 0.805626 1390031792.696533 101564.303477
1390031797.696480 19.183673 -1.633548 0.000000 0.000000 0.000000 -0.690003 0.723807 1390031797.696480 101570.416291
1390031799.696485 19.192752 -2.547868 0.000000 0.000000 0.000000 -0.694720 0.719280 1390031799.696485 101573.569819
1390031802.296543 19.191692 -3.491852 0.000000 0.000000 0.000000 -0.699185 0.714941 1390031802.296543 101576.716065
1390031804.296600 19.177142 -4.403316 0.000000 0.000000 0.000000 -0.705330 0.708879 1390031804.296600 101579.863456
1390031806.296550 19.155834 -5.352590 0.000000 0.000000 0.000000 -0.718296 0.695738 1390031806.296550 101583.014310
1390031808.596507 19.091289 -6.117590 0.000000 0.000000 0.000000 -0.722195 0.691690 1390031808.596507 101586.775246
1390031810.796555 19.157056 -5.163687 0.000000 0.000000 0.000000 -0.713936 0.700211 1390031810.796555 101589.825629
1390031812.896522 19.182356 -4.187193 0.000000 0.000000 0.000000 -0.706155 0.708057 1390031812.896522 101592.836474
1390031814.796547 19.197607 -3.239816 0.000000 0.000000 0.000000 -0.700574 0.713580 1390031814.796547 101595.887879
1390031816.996543 19.198182 -2.284496 0.000000 0.000000 0.000000 -0.694090 0.719888 1390031816.996543 101598.942667
1390031818.996540 19.182023 -1.389891 0.000000 0.000000 0.000000 -0.689769 0.724029 1390031818.996540 101601.903886
1390031822.796522 19.186222 -0.621878 0.000000 0.000000 0.000000 -0.565187 0.824963 1390031822.796522 101605.388166
1390031824.604104 19.235282 -0.624772 0.000000 0.000000 0.000000 -0.403644 0.914916 1390031824.604104 101606.324763
1390031826.196505 19.226705 -0.556900 0.000000 0.000000 0.000000 -0.228438 0.973559 1390031826.196505 101607.217554
1390031827.696483 19.226905 -0.534908 0.000000 0.000000 0.000000 -0.016146 0.999870 1390031827.696483 101608.250015
1390031829.396550 19.215001 -0.565217 0.000000 0.000000 0.000000 0.187028 0.982355 1390031829.396550 101609.187492
1390031830.696485 19.189469 -0.473948 0.000000 0.000000 0.000000 0.382500 0.923955 1390031830.696485 101610.082321
1390031832.396548 19.131296 -0.466997 0.000000 0.000000 0.000000 0.589006 0.808129 1390031832.396548 101610.977490
1390031836.596564 19.136717 0.411843 0.000000 0.000000 0.000000 0.711631 0.702554 1390031836.596564 101616.007539
1390031838.796547 19.201820 1.384699 0.000000 0.000000 0.000000 0.708522 0.705688 1390031838.796547 101619.013405
1390031840.796590 19.216438 2.356845 0.000000 0.000000 0.000000 0.704366 0.709837 1390031840.796590 101621.973275
1390031843.496553 19.256378 3.299945 0.000000 0.000000 0.000000 0.718195 0.695842 1390031843.496553 101625.782012
1390031845.496547 19.269326 4.247892 0.000000 0.000000 0.000000 0.714506 0.699630 1390031845.496547 101629.022835
1390031848.396540 19.301229 5.267960 0.000000 0.000000 0.000000 0.706726 0.707488 1390031848.396540 101632.078233
1390031852.696549 19.264422 6.229726 0.000000 0.000000 0.000000 0.747610 0.664138 1390031852.696549 101636.777426
1390031854.696564 19.188270 7.162247 0.000000 0.000000 0.000000 0.742843 0.669466 1390031854.696564 101639.783725
1390031857.196565 19.149451 8.120648 0.000000 0.000000 0.000000 0.740878 0.671639 1390031857.196565 101642.795968
1390031859.496483 19.100786 9.131358 0.000000 0.000000 0.000000 0.737011 0.675880 1390031859.496483 101645.943286
1390031861.496488 19.060789 10.085416 0.000000 0.000000 0.000000 0.735193 0.677857 1390031861.496488 101648.953923
1390031863.996564 19.023316 11.037517 0.000000 0.000000 0.000000 0.729351 0.684139 1390031863.996564 101652.004921
1390031865.896485 19.027606 11.977942 0.000000 0.000000 0.000000 0.727029 0.686607 1390031865.896485 101655.025673
1390031868.096565 19.005748 12.929534 0.000000 0.000000 0.000000 0.721916 0.691981 1390031868.096565 101658.022157
1390031870.296567 18.979648 14.002079 0.000000 0.000000 0.000000 0.713376 0.700781 1390031870.296567 101661.404556
1390031872.596572 18.982799 14.928656 0.000000 0.000000 0.000000 0.707883 0.706330 1390031872.596572 101664.414388
1390031874.996483 19.015518 15.853416 0.000000 0.000000 0.000000 0.702755 0.711432 1390031874.996483 101667.376217
1390031877.596565 19.063000 16.845439 0.000000 0.000000 0.000000 0.709357 0.704850 1390031877.596565 101671.275949
1390031879.796561 19.089253 17.803156 0.000000 0.000000 0.000000 0.702412 0.711770 1390031879.796561 101674.334626
1390031881.896564 19.140699 18.820645 0.000000 0.000000 0.000000 0.697051 0.717022 1390031881.896564 101677.525856
1390031886.796544 19.080512 19.726104 0.000000 0.000000 0.000000 0.748278 0.663385 1390031886.796544 101682.084276
1390031889.496522 18.972129 20.661677 0.000000 0.000000 0.000000 0.740210 0.672376 1390031889.496522 101684.767145
1390031891.896560 18.921083 21.610316 0.000000 0.000000 0.000000 0.734178 0.678957 1390031891.896560 101687.535848
1390031894.096565 18.878493 22.621927 0.000000 0.000000 0.000000 0.728456 0.685093 1390031894.096565 101690.495784
1390031896.596552 18.860137 23.549197 0.000000 0.000000 0.000000 0.719076 0.694931 1390031896.596552 101693.175426
1390031899.196570 18.887808 24.441113 0.000000 0.000000 0.000000 0.720243 0.693722 1390031899.196570 101696.561066
1390031901.396547 18.858176 23.366006 0.000000 0.000000 0.000000 0.722030 0.691862 1390031901.396547 101699.522199
1390031903.896636 18.888783 22.427266 0.000000 0.000000 0.000000 0.727259 0.686364 1390031903.896636 101702.199678
1390031906.696549 18.939197 21.454320 0.000000 0.000000 0.000000 0.736042 0.676936 1390031906.696549 101705.019596
1390031909.196519 19.020819 20.397833 0.000000 0.000000 0.000000 0.743312 0.668945 1390031909.196519 101708.075059
1390031911.896567 19.120109 19.457009 0.000000 0.000000 0.000000 0.748912 0.662669 1390031911.896567 101710.761366
1390031916.696536 19.149193 18.493042 0.000000 0.000000 0.000000 0.703300 0.710893 1390031916.696536 101715.361684
1390031918.796551 19.127763 17.566127 0.000000 0.000000 0.000000 0.709975 0.704227 1390031918.796551 101718.320616
1390031921.096509 19.126972 16.624096 0.000000 0.000000 0.000000 0.716131 0.697966 1390031921.096509 101721.330759
1390031923.796566 19.143141 16.265811 0.000000 0.000000 0.000000 0.584246 0.811576 1390031923.796566 101723.869672
1390031924.896478 19.177597 16.283765 0.000000 0.000000 0.000000 0.431668 0.902033 1390031924.896478 101724.577525
1390031926.596521 19.180259 16.197414 0.000000 0.000000 0.000000 0.301020 0.953618 1390031926.596521 101725.465929
1390031927.896542 19.139415 16.159704 0.000000 0.000000 0.000000 0.148584 0.988900 1390031927.896542 101726.454355
1390031929.696630 19.107164 16.132337 0.000000 0.000000 0.000000 -0.058462 0.998290 1390031929.696630 101727.487140
1390031932.296548 20.041646 15.986744 0.000000 0.000000 0.000000 -0.059026 0.998256 1390031932.296548 101730.540109
1390031934.996556 21.024660 15.858226 0.000000 0.000000 0.000000 -0.064745 0.997902 1390031934.996556 101733.502041
1390031938.396566 21.954180 15.736348 0.000000 0.000000 0.000000 0.003349 0.999994 1390031938.396566 101737.214190
1390031940.896547 22.878587 15.703039 0.000000 0.000000 0.000000 -0.005630 0.999984 1390031940.896547 101740.035202
1390031943.596549 23.818695 15.654706 0.000000 0.000000 0.000000 -0.009591 0.999954 1390031943.596549 101742.902177
1390031946.996554 24.804046 15.615795 0.000000 0.000000 0.000000 0.030755 0.999527 1390031946.996554 101746.758498
1390031950.096589 25.739088 15.668939 0.000000 0.000000 0.000000 0.064125 0.997942 1390031950.096589 101750.374636
1390031952.296567 26.709572 15.751177 0.000000 0.000000 0.000000 0.057861 0.998325 1390031952.296567 101753.066345
1390031954.796552 27.655167 15.854308 0.000000 0.000000 0.000000 0.048586 0.998819 1390031954.796552 101755.591324
1390031957.596544 28.618188 15.940268 0.000000 0.000000 0.000000 0.038550 0.999257 1390031957.596544 101758.176115
1390031959.796532 29.556308 15.992392 0.000000 0.000000 0.000000 0.031429 0.999506 1390031959.796532 101760.766243
1390031962.496600 30.480403 16.020010 0.000000 0.000000 0.000000 0.021147 0.999776 1390031962.496600 101763.346652
1390031965.096565 31.458598 16.010099 0.000000 0.000000 0.000000 0.015081 0.999886 1390031965.096565 101765.884982
1390031967.896566 32.424787 15.991702 0.000000 0.000000 0.000000 0.006085 0.999981 1390031967.896566 101768.521195
1390031970.396506 33.383405 15.976583 0.000000 0.000000 0.000000 -0.002749 0.999996 1390031970.396506 101771.102212
1390031972.596655 34.328829 15.933367 0.000000 0.000000 0.000000 -0.013156 0.999913 1390031972.596655 101773.692081
1390031975.196547 35.245148 15.863121 0.000000 0.000000 0.000000 -0.016711 0.999860 1390031975.196547 101776.224806
1390031978.696559 36.226433 15.931255 0.000000 0.000000 0.000000 0.087506 0.996164 1390031978.696559 101780.513271
1390031981.196556 37.169549 16.059103 0.000000 0.000000 0.000000 0.084948 0.996385 1390031981.196556 101784.028208
1390031983.396628 38.096866 16.178556 0.000000 0.000000 0.000000 0.078836 0.996888 1390031983.396628 101787.364449
1390031985.896623 39.106233 16.299038 0.000000 0.000000 0.000000 0.070208 0.997532 1390031985.896623 101790.664499
1390031987.896597 40.033436 16.421685 0.000000 0.000000 0.000000 0.060375 0.998176 1390031987.896597 101793.803106
1390031991.596550 40.966157 16.609248 0.000000 0.000000 0.000000 0.162009 0.986789 1390031991.596550 101798.409080
1390031994.196547 41.827032 16.874344 0.000000 0.000000 0.000000 0.157962 0.987445 1390031994.196547 101801.322660
1390031996.696563 42.712405 17.167657 0.000000 0.000000 0.000000 0.148711 0.988881 1390031996.696563 101804.143285
1390031999.296643 43.624200 17.420231 0.000000 0.000000 0.000000 0.141512 0.989937 1390031999.296643 101807.009756
1390032004.096601 44.540246 17.429210 0.000000 0.000000 0.000000 -0.007559 0.999971 1390032004.096601 101811.426653
1390032008.896568 45.381534 16.981596 0.000000 0.000000 0.000000 -0.211167 0.977450 1390032008.896568 101815.468831
1390032011.496554 46.215787 16.591856 0.000000 0.000000 0.000000 -0.222317 0.974974 1390032011.496554 101818.381853
1390032016.096540 46.929647 16.563811 0.000000 0.000000 0.000000 -0.039023 0.999238 1390032016.096540 101851.426396
1390032021.096546 47.409096 16.523298 0.000000 0.000000 0.000000 -0.006678 0.999978 1390032021.096546 101931.322285
1390032024.596553 48.388124 16.560953 0.000000 0.000000 0.000000 0.040306 0.999187 1390032024.596553 101936.119186
1390032027.296554 49.320460 16.594521 0.000000 0.000000 0.000000 0.032815 0.999461 1390032027.296554 101939.970102
1390032029.796499 50.268259 16.629763 0.000000 0.000000 0.000000 0.030297 0.999541 1390032029.796499 101944.013668
1390032032.196547 51.188434 16.663986 0.000000 0.000000 0.000000 0.019803 0.999804 1390032032.196547 101947.866227
1390032035.396568 52.135051 16.690672 0.000000 0.000000 0.000000 0.062596 0.998039 1390032035.396568 101952.378222
1390032037.596555 53.078270 16.800743 0.000000 0.000000 0.000000 0.055303 0.998470 1390032037.596555 101955.386009
1390032039.996547 54.004373 16.821757 0.000000 0.000000 0.000000 0.050915 0.998703 1390032039.996547 101958.345661
1390032042.596534 54.909858 16.868416 0.000000 0.000000 0.000000 0.043182 0.999067 1390032042.596534 101961.313466
1390032044.896520 55.859480 16.914854 0.000000 0.000000 0.000000 0.040770 0.999169 1390032044.896520 101964.316928
1390032047.196567 56.841847 16.955853 0.000000 0.000000 0.000000 0.032309 0.999478 1390032047.196567 101967.321458
1390032049.696525 57.796641 16.995514 0.000000 0.000000 0.000000 0.024299 0.999705 1390032049.696525 101970.000936
1390032051.796551 58.755313 17.003877 0.000000 0.000000 0.000000 0.018422 0.999830 1390032051.796551 101973.009979
1390032053.496510 59.718080 17.007802 0.000000 0.000000 0.000000 0.012136 0.999926 1390032053.496510 101975.973176
1390032055.896541 60.680178 17.017311 0.000000 0.000000 0.000000 0.002597 0.999997 1390032055.896541 101978.979694
1390032058.296547 61.626508 16.978309 0.000000 0.000000 0.000000 -0.000572 1.000000 1390032058.296547 101981.940707
1390032060.596613 62.514528 16.965958 0.000000 0.000000 0.000000 -0.009758 0.999952 1390032060.596613 101984.905428
1390032062.996482 63.532612 16.905160 0.000000 0.000000 0.000000 -0.015014 0.999887 1390032062.996482 101988.001046
1390032065.696554 64.502624 16.850777 0.000000 0.000000 0.000000 0.011200 0.999937 1390032065.696554 101990.971584
1390032067.896525 65.426291 16.829209 0.000000 0.000000 0.000000 0.000344 1.000000 1390032067.896525 101993.932267
1390032070.196542 66.334475 16.809252 0.000000 0.000000 0.000000 -0.010055 0.999949 1390032070.196542 101996.887634
1390032072.296569 67.316364 16.740663 0.000000 0.000000 0.000000 -0.013178 0.999913 1390032072.296569 101999.848386
1390032074.496557 68.272833 16.665560 0.000000 0.000000 0.000000 -0.017467 0.999847 1390032074.496557 102002.948100
1390032076.796550 69.157267 16.604129 0.000000 0.000000 0.000000 -0.027890 0.999611 1390032076.796550 102005.909525
1390032079.196517 69.330323 16.644575 0.000000 0.000000 0.000000 0.212519 0.977157 1390032079.196517 102007.930023
1390032082.096547 70.153853 17.100302 0.000000 0.000000 0.000000 0.272528 0.962148 1390032082.096547 102011.834790
1390032084.096557 70.116292 17.108147 0.000000 0.000000 0.000000 0.458410 0.888741 1390032084.096557 102012.960026
1390032085.496545 70.077168 17.191879 0.000000 0.000000 0.000000 0.639823 0.768522 1390032085.496545 102014.138118
1390032089.996565 70.267859 18.064707 0.000000 0.000000 0.000000 0.698440 0.715668 1390032089.996565 102019.585325
1390032092.496531 70.298278 19.112789 0.000000 0.000000 0.000000 0.687259 0.726413 1390032092.496531 102022.648166
1390032095.396569 70.335806 20.070062 0.000000 0.000000 0.000000 0.714862 0.699266 1390032095.396569 102026.541526
1390032097.496601 70.331327 21.040247 0.000000 0.000000 0.000000 0.710196 0.704004 1390032097.496601 102029.601353
1390032100.396566 70.366723 21.989884 0.000000 0.000000 0.000000 0.725021 0.688727 1390032100.396566 102032.895955
1390032103.096533 70.282644 22.914294 0.000000 0.000000 0.000000 0.739552 0.673099 1390032103.096533 102036.225896
1390032105.596529 70.217171 23.853449 0.000000 0.000000 0.000000 0.733591 0.679591 1390032105.596529 102038.950734
1390032108.296554 70.170347 24.794088 0.000000 0.000000 0.000000 0.727837 0.685750 1390032108.296554 102041.628806
1390032110.796546 70.147528 25.699090 0.000000 0.000000 0.000000 0.721209 0.692718 1390032110.796546 102044.308785
1390032113.296561 70.165837 26.640465 0.000000 0.000000 0.000000 0.719966 0.694009 1390032113.296561 102047.092475
1390032115.696526 70.177600 27.600103 0.000000 0.000000 0.000000 0.715350 0.698766 1390032115.696526 102049.807037
1390032118.296568 70.215363 28.577337 0.000000 0.000000 0.000000 0.710422 0.703776 1390032118.296568 102052.534767
1390032122.396501 70.187964 29.518888 0.000000 0.000000 0.000000 0.773436 0.633874 1390032122.396501 102057.235204
1390032124.696533 70.019867 30.455172 0.000000 0.000000 0.000000 0.767094 0.641534 1390032124.696533 102060.570388
1390032128.496542 70.056556 31.388944 0.000000 0.000000 0.000000 0.693182 0.720762 1390032128.496542 102064.516679
1390032132.396609 70.179897 32.321288 0.000000 0.000000 0.000000 0.740309 0.672266 1390032132.396609 102068.840294
1390032135.096485 70.121046 33.229547 0.000000 0.000000 0.000000 0.731264 0.682095 1390032135.096485 102071.659963
1390032137.396485 70.077086 34.209229 0.000000 0.000000 0.000000 0.735237 0.677810 1390032137.396485 102075.279973
1390032139.596503 70.017655 35.150912 0.000000 0.000000 0.000000 0.730811 0.682580 1390032139.596503 102078.429474
1390032141.996610 69.988307 36.087816 0.000000 0.000000 0.000000 0.725822 0.687882 1390032141.996610 102081.717787
1390032144.496550 69.938735 36.996680 0.000000 0.000000 0.000000 0.714313 0.699826 1390032144.496550 102084.918063
1390032146.896537 69.989438 37.969876 0.000000 0.000000 0.000000 0.711473 0.702714 1390032146.896537 102088.067267
1390032150.996547 69.937843 37.089591 0.000000 0.000000 0.000000 0.711381 0.702806 1390032150.996547 102093.655413
1390032153.496547 69.973448 36.129972 0.000000 0.000000 0.000000 0.719847 0.694133 1390032153.496547 102096.483584
1390032155.896484 69.996679 35.184068 0.000000 0.000000 0.000000 0.721477 0.692438 1390032155.896484 102099.204236
1390032158.696480 70.020039 34.227817 0.000000 0.000000 0.000000 0.726339 0.687337 1390032158.696480 102101.930313
1390032161.796506 69.980214 33.649042 0.000000 0.000000 0.000000 0.849653 0.527341 1390032161.796506 102104.610780
1390032163.296570 69.977614 33.625727 0.000000 0.000000 0.000000 0.952788 0.303636 1390032163.296570 102105.499319
1390032165.496486 69.951640 33.554774 0.000000 0.000000 0.000000 0.997410 0.071931 1390032165.496486 102106.732757
1390032168.796649 69.024035 33.457555 0.000000 -0.000000 0.000000 0.998939 -0.046049 1390032168.796649 102110.764605
1390032170.996568 68.100403 33.437665 0.000000 -0.000000 0.000000 0.999040 -0.043816 1390032170.996568 102113.914477
1390032173.096476 67.163815 33.364312 0.000000 -0.000000 0.000000 0.999493 -0.031834 1390032173.096476 102117.110437
1390032175.196545 66.191360 33.342316 0.000000 -0.000000 0.000000 0.999674 -0.025527 1390032175.196545 102120.305803
1390032177.496526 65.257970 33.326092 0.000000 -0.000000 0.000000 0.999846 -0.017557 1390032177.496526 102123.264890
1390032179.804708 64.292123 33.310719 0.000000 -0.000000 0.000000 0.999964 -0.008499 1390032179.804708 102126.180627
1390032183.496518 63.354019 33.302554 0.000000 -0.000000 0.000000 0.999599 -0.028327 1390032183.496518 102129.846529
1390032185.696520 62.395216 33.229762 0.000000 -0.000000 0.000000 0.999840 -0.017872 1390032185.696520 102132.866607
1390032188.196533 61.440355 33.244749 0.000000 -0.000000 0.000000 0.999925 -0.012207 1390032188.196533 102135.626621
1390032190.896487 60.501719 33.267680 0.000000 -0.000000 0.000000 0.999995 -0.003107 1390032190.896487 102138.352836
1390032193.696485 59.510773 33.294077 0.000000 0.000000 0.000000 0.999985 0.005427 1390032193.696485 102141.078038
1390032196.596550 58.558665 33.364163 0.000000 0.000000 0.000000 0.999941 0.010822 1390032196.596550 102143.807655
1390032199.196549 57.604841 33.420494 0.000000 0.000000 0.000000 0.999777 0.021136 1390032199.196549 102146.483889
1390032202.796534 56.664009 33.392799 0.000000 -0.000000 0.000000 0.998814 -0.048681 1390032202.796534 102150.523850
1390032204.996478 55.733542 33.284284 0.000000 -0.000000 0.000000 0.999155 -0.041103 1390032204.996478 102153.909934
1390032207.096548 54.802967 33.229774 0.000000 -0.000000 0.000000 0.999438 -0.033515 1390032207.096548 102157.106939
1390032209.396559 53.868549 33.224612 0.000000 -0.000000 0.000000 0.999521 -0.030945 1390032209.396559 102160.113020
1390032211.602121 52.792718 33.170404 0.000000 -0.000000 0.000000 0.999686 -0.025048 1390032211.602121 102163.591782
1390032213.296547 51.826313 33.161682 0.000000 -0.000000 0.000000 0.999879 -0.015542 1390032213.296547 102166.552012
1390032215.396690 50.874567 33.165754 0.000000 -0.000000 0.000000 0.999977 -0.006832 1390032215.396690 102169.572417
1390032217.704140 49.966496 33.248205 0.000000 -0.000000 0.000000 0.999993 -0.003834 1390032217.704140 102172.532524
1390032219.596562 49.044971 33.262724 0.000000 0.000000 0.000000 0.999996 0.002851 1390032219.596562 102175.481792
1390032222.196478 48.068018 33.297305 0.000000 0.000000 0.000000 0.999931 0.011764 1390032222.196478 102178.493040
1390032226.496569 47.183965 33.232715 0.000000 -0.000000 0.000000 0.990352 -0.138575 1390032226.496569 102182.689586
1390032228.896482 46.257714 33.010147 0.000000 -0.000000 0.000000 0.991331 -0.131385 1390032228.896482 102185.541271
1390032231.496529 45.294509 32.789547 0.000000 -0.000000 0.000000 0.992406 -0.123007 1390032231.496529 102188.551916
1390032234.096543 44.881886 32.671845 0.000000 -0.000000 0.000000 0.943663 -0.330907 1390032234.096543 102190.828353
1390032235.896484 44.943916 32.653479 0.000000 -0.000000 0.000000 0.764435 -0.644701 1390032235.896484 102192.027033
1390032240.896514 44.892650 31.810248 0.000000 -0.000000 0.000000 0.680827 -0.732444 1390032240.896514 102197.194991
1390032243.996545 44.888276 30.850134 0.000000 -0.000000 0.000000 0.706785 -0.707429 1390032243.996545 102201.144058
1390032246.396518 44.839506 29.853851 0.000000 -0.000000 0.000000 0.709711 -0.704493 1390032246.396518 102204.386646
1390032249.296604 44.832980 28.871970 0.000000 -0.000000 0.000000 0.678930 -0.734203 1390032249.296604 102208.758876
1390032251.296558 44.867455 27.921196 0.000000 -0.000000 0.000000 0.683501 -0.729950 1390032251.296558 102212.001348
1390032253.496483 44.914760 27.041101 0.000000 -0.000000 0.000000 0.691047 -0.722809 1390032253.496483 102215.104798
1390032255.696503 44.891241 26.079637 0.000000 -0.000000 0.000000 0.694579 -0.719417 1390032255.696503 102218.063462
1390032257.896524 44.870962 25.137325 0.000000 -0.000000 0.000000 0.699350 -0.714779 1390032257.896524 102221.070752
1390032259.996484 44.853098 24.228736 0.000000 -0.000000 0.000000 0.702959 -0.711230 1390032259.996484 102224.039441
1390032261.996500 44.836800 23.319127 0.000000 -0.000000 0.000000 0.709181 -0.705027 1390032261.996500 102226.993664
1390032265.496586 44.917226 22.392196 0.000000 -0.000000 0.000000 0.642805 -0.766030 1390032265.496586 102231.317668
1390032267.396503 45.047164 21.461970 0.000000 -0.000000 0.000000 0.645682 -0.763606 1390032267.396503 102234.653134
1390032269.396547 45.182288 20.528790 0.000000 -0.000000 0.000000 0.658056 -0.752969 1390032269.396547 102238.084840
1390032272.496547 45.275294 19.578701 0.000000 -0.000000 0.000000 0.694760 -0.719242 1390032272.496547 102242.223385
1390032274.596507 45.236168 18.642251 0.000000 -0.000000 0.000000 0.694174 -0.719807 1390032274.596507 102245.228617
1390032276.696552 45.257468 17.758203 0.000000 -0.000000 0.000000 0.699521 -0.714612 1390032276.696552 102248.236624
1390032278.996481 45.234188 16.731256 0.000000 -0.000000 0.000000 0.703682 -0.710515 1390032278.996481 102251.386383
1390032282.496571 45.271846 16.118598 0.000000 -0.000000 0.000000 0.507146 -0.861860 1390032282.496571 102254.639054
1390032284.196536 45.295325 16.182607 0.000000 -0.000000 0.000000 0.298329 -0.954463 1390032284.196536 102255.614809
1390032286.096505 45.294856 16.228765 0.000000 -0.000000 0.000000 0.060984 -0.998139 1390032286.096505 102256.511756
1390032289.696548 46.201936 16.386421 0.000000 0.000000 -0.000000 -0.063979 -0.997951 1390032289.696548 102259.985246
1390032292.396601 47.119056 16.455980 0.000000 0.000000 -0.000000 -0.059366 -0.998236 1390032292.396601 102262.664491
1390032294.896558 48.007411 16.518812 0.000000 0.000000 -0.000000 -0.052426 -0.998625 1390032294.896558 102265.344263
1390032297.596540 48.993514 16.589489 0.000000 0.000000 -0.000000 -0.045191 -0.998978 1390032297.596540 102268.021733
1390032301.196540 49.540014 16.664465 0.000000 0.000000 -0.000000 -0.263088 -0.964772 1390032301.196540 102270.666131
1390032303.096500 49.501143 16.699826 0.000000 0.000000 -0.000000 -0.563901 -0.825842 1390032303.096500 102271.969650
1390032307.896515 49.484096 17.631857 0.000000 0.000000 -0.000000 -0.713739 -0.700412 1390032307.896515 102276.907525
1390032310.196512 49.446206 18.558401 0.000000 0.000000 -0.000000 -0.706889 -0.707324 1390032310.196512 102279.585858
1390032313.796536 49.468081 19.497467 0.000000 0.000000 -0.000000 -0.726634 -0.687025 1390032313.796536 102283.060161
1390032316.396661 49.443724 20.569013 0.000000 0.000000 -0.000000 -0.721959 -0.691936 1390032316.396661 102286.211631
1390032319.096522 49.426011 21.498496 0.000000 0.000000 -0.000000 -0.716410 -0.697680 1390032319.096522 102289.082260
1390032321.596606 49.411184 22.440699 0.000000 0.000000 -0.000000 -0.711459 -0.702727 1390032321.596606 102291.948988
1390032324.096565 49.412313 23.404627 0.000000 0.000000 -0.000000 -0.705517 -0.708693 1390032324.096565 102294.770002
1390032327.096532 49.491680 24.344823 0.000000 0.000000 -0.000000 -0.708642 -0.705568 1390032327.096532 102297.632588
1390032330.396547 49.441379 25.297297 0.000000 0.000000 -0.000000 -0.731921 -0.681389 1390032330.396547 102301.955338
1390032332.704600 49.382847 26.215710 0.000000 0.000000 -0.000000 -0.726599 -0.687062 1390032332.704600 102304.639793
1390032335.196560 49.387470 27.146062 0.000000 0.000000 -0.000000 -0.726306 -0.687372 1390032335.196560 102307.270078
1390032337.596704 49.360269 28.092083 0.000000 0.000000 -0.000000 -0.721103 -0.692828 1390032337.596704 102309.992921
1390032340.196547 49.336792 29.041052 0.000000 0.000000 -0.000000 -0.719138 -0.694867 1390032340.196547 102312.768935
1390032342.996489 49.359517 30.152647 0.000000 0.000000 -0.000000 -0.722595 -0.691271 1390032342.996489 102315.916409
1390032345.596521 49.379222 31.111668 0.000000 0.000000 -0.000000 -0.722644 -0.691221 1390032345.596521 102318.599807
1390032348.396531 49.309208 32.006996 0.000000 0.000000 -0.000000 -0.709422 -0.704783 1390032348.396531 102321.324889
1390032351.896565 49.295939 32.676653 0.000000 0.000000 -0.000000 -0.836752 -0.547582 1390032351.896565 102324.470566
1390032355.796551 48.678121 33.292393 0.000000 0.000000 -0.000000 -0.927393 -0.374089 1390032355.796551 102328.895507
1390032359.096554 48.282786 33.709730 0.000000 0.000000 -0.000000 -0.841523 -0.540221 1390032359.096554 102331.989287
1390032363.196546 48.172455 34.651161 0.000000 0.000000 -0.000000 -0.759113 -0.650958 1390032363.196546 102336.654541
1390032365.696518 48.154476 35.567057 0.000000 0.000000 -0.000000 -0.760304 -0.649568 1390032365.696518 102339.462770
1390032370.396569 48.087087 36.548603 0.000000 0.000000 -0.000000 -0.734328 -0.678795 1390032370.396569 102345.290773
